# File generated by CMD 3.8 (http://stev.oapd.inaf.it/cmd) on Fri Jul 25 09:27:00 UTC 2025
# isochrones based on PARSEC release v1.2S +  COLIBRI S_37 + S_35 + PR16
# Basic references: Bressan et al. (2012), MNRAS, 427, 127 + Chen et al. (2014, 2015), MNRAS, 444, 2525 + MNRAS, 452, 1068 + Tang et al. (2014), MNRAS, 445, 4287 + Marigo et al. (2017), ApJ, 835, 77 + Pastorelli al. (2019), MNRAS, 485, 5666 + Pastorelli al. (2020), MNRAS, in press
# Thermal pulse cycles included 
# On RGB, assumed Reimers mass loss with efficiency eta=0.2
# LPV periods and growth rates added cf. Trabucchi et al. (2019)
# but fundamental-mode LPV periods + transition are from Trabucchi et al. (2021)
# Photometric system: <i>UBVRIJHK</i> (cf. Maiz-Apellaniz 2006 + Bessell 1990)
# Using YBC version of bolometric corrections as in Chen et al. (2019)
# O-rich circumstellar dpmod60alox40 dust from Groenewegen (2006)
# C-rich circumstellar AMCSIC15 dust from Groenewegen (2006)
# IMF: Kroupa (2001, 2002) + Kroupa et al. (2013) canonical two-part-power law IMF corrected for unresolved binaries 
# Kind of output: isochrone tables
# Zini     MH   logAge Mini        int_IMF         Mass   logL    logTe  logg  label   McoreTP C_O  period0  period1  period2  period3  period4  pmode  Mloss  tau1m   X   Y   Xc  Xn  Xo  Cexcess  Z 	 mbolmag  Umag    Bmag    Vmag    Rmag    Imag    Jmag    Hmag    Kmag
0.0152 0.01508 5.00000 0.0900000036 1.0816895926    0.090 -0.764  3.4511  2.913    0  0.000  0.545     0.00     0.00     0.00     0.00     0.00 -1 -2.56e-13      0.00 7.092e-01 2.755e-01 2.746e-03 7.408e-04 6.719e-03 -1.000 1.527e-02 6.679 12.288 11.495 10.256 8.698 6.823 4.659 4.051 3.716
0.0152 0.01508 5.00000 0.1000000015 1.1711064122    0.100 -0.688  3.4553  2.899    0  0.000  0.545     0.00     0.00     0.00     0.00     0.00 -1 -2.93e-13      0.00 7.092e-01 2.755e-01 2.746e-03 7.408e-04 6.719e-03 -1.000 1.527e-02 6.491 12.040 11.243 10.017 8.475 6.613 4.477 3.852 3.531
0.0152 0.01508 5.00000 0.1067722067 1.2253091589    0.107 -0.644  3.4585  2.896    0  0.000  0.545     0.00     0.00     0.00     0.00     0.00 -1 -3.15e-13      0.00 7.092e-01 2.755e-01 2.746e-03 7.408e-04 6.719e-03 -1.000 1.527e-02 6.380 11.884 11.082 9.864 8.335 6.483 4.370 3.735 3.423
0.0152 0.01508 5.00000 0.1233605742 1.3410688958    0.123 -0.542  3.4660  2.887    0  0.000  0.545     0.00     0.00     0.00     0.00     0.00 -1 -3.75e-13      0.00 7.092e-01 2.755e-01 2.746e-03 7.408e-04 6.719e-03 -1.000 1.527e-02 6.124 11.538 10.718 9.521 8.022 6.188 4.129 3.462 3.170
0.0152 0.01508 5.00000 0.1364372820 1.4189119501    0.136 -0.471  3.4727  2.887    0  0.000  0.545     0.00     0.00     0.00     0.00     0.00 -1 -4.19e-13      0.00 7.092e-01 2.755e-01 2.746e-03 7.408e-04 6.719e-03 -1.000 1.527e-02 5.947 11.289 10.449 9.269 7.795 5.978 3.966 3.271 2.997
0.0152 0.01508 5.00000 0.1432723850 1.4558397423    0.143 -0.437  3.4764  2.889    0  0.000  0.545     0.00     0.00     0.00     0.00     0.00 -1 -4.41e-13      0.00 7.092e-01 2.755e-01 2.746e-03 7.408e-04 6.719e-03 -1.000 1.527e-02 5.864 11.170 10.318 9.146 7.686 5.876 3.890 3.180 2.914
0.0152 0.01508 5.00000 0.1551610827 1.5149108265    0.155 -0.382  3.4830  2.894    0  0.000  0.545     0.00     0.00     0.00     0.00     0.00 -1 -4.79e-13      0.00 7.092e-01 2.755e-01 2.746e-03 7.408e-04 6.719e-03 -1.000 1.527e-02 5.724 10.973 10.096 8.938 7.501 5.707 3.764 3.028 2.776
0.0152 0.01508 5.00000 0.1625732780 1.5488405207    0.163 -0.349  3.4871  2.898    0  0.000  0.545     0.00     0.00     0.00     0.00     0.00 -1 -5.02e-13      0.00 7.092e-01 2.755e-01 2.746e-03 7.408e-04 6.719e-03 -1.000 1.527e-02 5.642 10.860 9.965 8.815 7.392 5.607 3.691 2.937 2.694
0.0152 0.01508 5.00000 0.1747228056 1.6003188451    0.175 -0.298  3.4939  2.906    0  0.000  0.545     0.00     0.00     0.00     0.00     0.00 -1 -5.39e-13      0.00 7.092e-01 2.755e-01 2.746e-03 7.408e-04 6.719e-03 -1.000 1.527e-02 5.515 10.685 9.755 8.617 7.220 5.450 3.580 2.800 2.570
0.0152 0.01508 5.00000 0.1877826303 1.6507046568    0.188 -0.244  3.5013  2.913    0  0.000  0.545     0.00     0.00     0.00     0.00     0.00 -1 -5.84e-13      0.00 7.092e-01 2.755e-01 2.746e-03 7.408e-04 6.719e-03 -1.000 1.527e-02 5.381 10.500 9.529 8.401 7.033 5.282 3.465 2.657 2.438
0.0152 0.01508 5.00000 0.2110983282 1.7302274221    0.211 -0.155  3.5135  2.923    0  0.000  0.545     0.00     0.00     0.00     0.00     0.00 -1 -6.69e-13      0.00 7.092e-01 2.755e-01 2.746e-03 7.408e-04 6.719e-03 -1.000 1.527e-02 5.157 10.202 9.142 8.018 6.707 4.996 3.273 2.423 2.222
0.0152 0.01508 5.00000 0.2282428592 1.7817516679    0.228 -0.098  3.5216  2.933    0  0.000  0.545     0.00     0.00     0.00     0.00     0.00 -1 -7.25e-13      0.00 7.092e-01 2.755e-01 2.746e-03 7.408e-04 6.719e-03 -1.000 1.527e-02 5.015 10.013 8.883 7.756 6.487 4.810 3.153 2.280 2.089
0.0152 0.01508 5.00000 0.2466103733 1.8316453913    0.247 -0.039  3.5299  2.940    0  0.000  0.545     0.00     0.00     0.00     0.00     0.00 -1 -7.93e-13      0.00 7.092e-01 2.755e-01 2.746e-03 7.408e-04 6.719e-03 -1.000 1.527e-02 4.867 9.812 8.602 7.467 6.249 4.613 3.027 2.138 1.955
0.0152 0.01508 5.00000 0.2724891901 1.8942859731    0.272  0.040  3.5412  2.950    0  0.000  0.545     0.00     0.00     0.00     0.00     0.00 -1 -8.95e-13      0.00 7.092e-01 2.755e-01 2.746e-03 7.408e-04 6.719e-03 -1.000 1.527e-02 4.669 9.531 8.189 7.006 5.869 4.336 2.869 1.967 1.790
0.0152 0.01508 5.00000 0.2994569838 1.9518252078    0.299  0.114  3.5519  2.959    0  0.000  0.545     0.00     0.00     0.00     0.00     0.00 -1    -1e-12      0.00 7.092e-01 2.755e-01 2.746e-03 7.408e-04 6.719e-03 -1.000 1.527e-02 4.484 9.252 7.789 6.557 5.494 4.077 2.721 1.817 1.645
0.0152 0.01508 5.00000 0.3000000119 1.9529139769    0.300  0.116  3.5521  2.959    0  0.000  0.545     0.00     0.00     0.00     0.00     0.00 -1    -1e-12      0.00 7.092e-01 2.755e-01 2.746e-03 7.408e-04 6.719e-03 -1.000 1.527e-02 4.480 9.246 7.781 6.548 5.487 4.073 2.718 1.814 1.642
0.0152 0.01508 5.00000 0.3163242936 1.9844954655    0.316  0.158  3.5578  2.963    0  0.000  0.545     0.00     0.00     0.00     0.00     0.00 -1 -1.07e-12      0.00 7.092e-01 2.755e-01 2.746e-03 7.408e-04 6.719e-03 -1.000 1.527e-02 4.375 9.084 7.559 6.302 5.277 3.931 2.632 1.729 1.561
0.0152 0.01508 5.00000 0.3500000238 2.0434175133    0.350  0.237  3.5688  2.973    0  0.000  0.545     0.00     0.00     0.00     0.00     0.00 -1 -1.21e-12      0.00 7.092e-01 2.755e-01 2.746e-03 7.408e-04 6.719e-03 -1.000 1.527e-02 4.179 8.764 7.149 5.855 4.889 3.678 2.473 1.573 1.415
0.0152 0.01508 5.00000 0.3837943673 2.0955676574    0.384  0.312  3.5783  2.975    0  0.000  0.545     0.00     0.00     0.00     0.00     0.00 -1 -1.37e-12      0.00 7.092e-01 2.755e-01 2.746e-03 7.408e-04 6.719e-03 -1.000 1.527e-02 3.989 8.449 6.786 5.477 4.550 3.451 2.311 1.424 1.273
0.0152 0.01508 5.00000 0.4000000358 2.1185024810    0.400  0.344  3.5825  2.978    0  0.000  0.545     0.00     0.00     0.00     0.00     0.00 -1 -1.44e-12      0.00 7.092e-01 2.755e-01 2.746e-03 7.408e-04 6.719e-03 -1.000 1.527e-02 3.910 8.307 6.633 5.320 4.407 3.356 2.243 1.365 1.217
0.0152 0.01508 5.00000 0.4235594273 2.1497731027    0.423  0.391  3.5880  2.978    0  0.000  0.545     0.00     0.00     0.00     0.00     0.00 -1 -1.56e-12      0.00 7.092e-01 2.755e-01 2.746e-03 7.408e-04 6.719e-03 -1.000 1.527e-02 3.793 8.104 6.421 5.105 4.209 3.221 2.142 1.277 1.134
0.0152 0.01508 5.00000 0.4500000477 2.1822809714    0.450  0.442  3.5937  2.976    0  0.000  0.545     0.00     0.00     0.00     0.00     0.00 -1  -1.7e-12      0.00 7.092e-01 2.755e-01 2.746e-03 7.408e-04 6.719e-03 -1.000 1.527e-02 3.665 7.875 6.197 4.883 4.002 3.076 2.028 1.180 1.041
0.0152 0.01508 5.00000 0.5000000000 2.2374541529    0.500  0.523  3.6031  2.978    0  0.000  0.545     0.00     0.00     0.00     0.00     0.00 -1 -1.95e-12      0.00 7.092e-01 2.755e-01 2.746e-03 7.408e-04 6.719e-03 -1.000 1.527e-02 3.462 7.495 5.844 4.542 3.684 2.849 1.848 1.029 0.898
0.0152 0.01508 5.00000 0.5367204547 2.2723500681    0.536  0.582  3.6088  2.973    0  0.000  0.545     0.00     0.00     0.00     0.00     0.00 -1 -2.16e-12      0.00 7.092e-01 2.755e-01 2.746e-03 7.408e-04 6.719e-03 -1.000 1.527e-02 3.315 7.234 5.609 4.317 3.473 2.689 1.715 0.914 0.787
0.0152 0.01508 5.00000 0.5500000119 2.2836582633    0.550  0.601  3.6109  2.972    0  0.000  0.545     0.00     0.00     0.00     0.00     0.00 -1 -2.23e-12      0.00 7.092e-01 2.755e-01 2.746e-03 7.408e-04 6.719e-03 -1.000 1.527e-02 3.266 7.142 5.529 4.242 3.403 2.637 1.672 0.878 0.753
0.0152 0.01508 5.00000 0.5997042060 2.3209207158    0.599  0.679  3.6174  2.958    0  0.000  0.545     0.00     0.00     0.00     0.00     0.00 -1 -2.61e-12      0.00 7.092e-01 2.755e-01 2.746e-03 7.408e-04 6.719e-03 -1.000 1.527e-02 3.072 6.805 5.238 3.969 3.146 2.430 1.493 0.720 0.600
0.0152 0.01508 5.00000 0.6000000238 2.3211213258    0.600  0.680  3.6174  2.958    0  0.000  0.545     0.00     0.00     0.00     0.00     0.00 -1 -2.61e-12      0.00 7.092e-01 2.755e-01 2.746e-03 7.408e-04 6.719e-03 -1.000 1.527e-02 3.070 6.803 5.237 3.967 3.145 2.429 1.492 0.719 0.600
0.0152 0.01508 5.00000 0.6429254413 2.3479961228    0.643  0.735  3.6223  2.953    0  0.000  0.545     0.00     0.00     0.00     0.00     0.00 -1 -2.87e-12      0.00 7.092e-01 2.755e-01 2.746e-03 7.408e-04 6.719e-03 -1.000 1.527e-02 2.933 6.556 5.030 3.776 2.966 2.283 1.367 0.610 0.495
0.0152 0.01508 5.00000 0.6499999762 2.3520353107    0.650  0.744  3.6230  2.951    0  0.000  0.545     0.00     0.00     0.00     0.00     0.00 -1 -2.93e-12      0.00 7.092e-01 2.755e-01 2.746e-03 7.408e-04 6.719e-03 -1.000 1.527e-02 2.910 6.514 4.995 3.744 2.936 2.259 1.345 0.591 0.476
0.0152 0.01508 5.00000 0.6925981045 2.3743641788    0.693  0.797  3.6271  2.943    0  0.000  0.545     0.00     0.00     0.00     0.00     0.00 -1 -3.23e-12      0.00 7.092e-01 2.755e-01 2.746e-03 7.408e-04 6.719e-03 -1.000 1.527e-02 2.779 6.286 4.806 3.568 2.773 2.121 1.224 0.484 0.372
0.0152 0.01508 5.00000 0.7000000477 2.3779267258    0.700  0.805  3.6279  2.942    0  0.000  0.545     0.00     0.00     0.00     0.00     0.00 -1 -3.28e-12      0.00 7.092e-01 2.755e-01 2.746e-03 7.408e-04 6.719e-03 -1.000 1.527e-02 2.758 6.248 4.775 3.540 2.747 2.099 1.205 0.467 0.357
0.0152 0.01508 5.00000 0.7308375239 2.3918799640    0.731  0.842  3.6329  2.944    0  0.000  0.540     0.00     0.00     0.00     0.00     0.00 -1 -3.48e-12      0.00 7.092e-01 2.755e-01 2.723e-03 7.402e-04 6.720e-03 -1.000 1.527e-02 2.666 6.033 4.612 3.397 2.620 1.999 1.126 0.405 0.298
0.0152 0.01508 5.00000 0.7500000000 2.3998889087    0.750  0.874  3.6357  2.934    0  0.000  0.538     0.00     0.00     0.00     0.00     0.00 -1 -3.75e-12      0.00 7.092e-01 2.755e-01 2.710e-03 7.399e-04 6.720e-03 -1.000 1.527e-02 2.585 5.882 4.493 3.289 2.522 1.915 1.052 0.341 0.237
0.0152 0.01508 5.00000 0.7928187251 2.4161868033    0.793  0.914  3.6387  2.930    0  0.000  0.538     0.00     0.00     0.00     0.00     0.00 -1 -4.02e-12      0.00 7.092e-01 2.755e-01 2.710e-03 7.399e-04 6.720e-03 -1.000 1.527e-02 2.484 5.706 4.350 3.159 2.403 1.809 0.958 0.258 0.156
0.0152 0.01508 5.00000 0.8000000119 2.4187244405    0.800  0.921  3.6392  2.929    0  0.000  0.538     0.00     0.00     0.00     0.00     0.00 -1 -4.06e-12      0.00 7.092e-01 2.755e-01 2.710e-03 7.399e-04 6.720e-03 -1.000 1.527e-02 2.468 5.677 4.327 3.138 2.383 1.792 0.943 0.245 0.142
0.0152 0.01508 5.00000 0.8097901344 2.4221007158    0.810  0.929  3.6399  2.929    0  0.000  0.538     0.00     0.00     0.00     0.00     0.00 -1 -4.11e-12      0.00 7.092e-01 2.755e-01 2.710e-03 7.399e-04 6.720e-03 -1.000 1.527e-02 2.448 5.641 4.298 3.112 2.359 1.771 0.925 0.229 0.127
0.0152 0.01508 5.00000 0.8500000238 2.4350346840    0.850  0.968  3.6423  2.921    0  0.000  0.538     0.00     0.00     0.00     0.00     0.00 -1 -4.43e-12      0.00 7.092e-01 2.755e-01 2.710e-03 7.399e-04 6.720e-03 -1.000 1.527e-02 2.351 5.483 4.169 2.993 2.250 1.671 0.834 0.146 0.046
0.0152 0.01508 5.00000 0.9000000358 2.4492786175    0.899  1.012  3.6450  2.912    0  0.000  0.538     0.00     0.00     0.00     0.00     0.00 -1 -4.83e-12      0.00 7.092e-01 2.755e-01 2.710e-03 7.399e-04 6.720e-03 -1.000 1.527e-02 2.239 5.302 4.021 2.858 2.125 1.556 0.729 0.051 -0.047
0.0152 0.01508 5.00000 0.9500000477 2.4618122009    0.950  1.052  3.6475  2.905    0  0.000  0.538     0.00     0.00     0.00     0.00     0.00 -1  -5.2e-12      0.00 7.092e-01 2.755e-01 2.710e-03 7.399e-04 6.720e-03 -1.000 1.527e-02 2.139 5.138 3.887 2.735 2.012 1.452 0.635 -0.034 -0.130
0.0152 0.01508 5.00000 1.0000000000 2.4729154477    1.000  1.092  3.6498  2.897    0  0.000  0.538     0.00     0.00     0.00     0.00     0.00 -1  -5.6e-12      0.00 7.092e-01 2.755e-01 2.710e-03 7.399e-04 6.720e-03 -1.000 1.527e-02 2.039 4.981 3.758 2.615 1.902 1.350 0.541 -0.120 -0.215
0.0152 0.01508 5.00000 1.0499999523 2.4828114860    1.050  1.128  3.6519  2.891    0  0.000  0.538     0.00     0.00     0.00     0.00     0.00 -1 -5.55e-12      0.00 7.092e-01 2.755e-01 2.710e-03 7.399e-04 6.720e-03 -1.000 1.527e-02 1.950 4.840 3.642 2.509 1.804 1.258 0.458 -0.196 -0.290
0.0152 0.01508 5.00000 1.1000000238 2.4916801480    1.099  1.163  3.6538  2.883    0  0.000  0.538     0.00     0.00     0.00     0.00     0.00 -1 -5.48e-12      0.00 7.092e-01 2.755e-01 2.710e-03 7.399e-04 6.720e-03 -1.000 1.527e-02 1.862 4.705 3.531 2.406 1.709 1.168 0.375 -0.272 -0.365
0.0152 0.01508 5.00000 1.1499999762 2.4996678137    1.149  1.197  3.6556  2.876    0  0.000  0.538     0.00     0.00     0.00     0.00     0.00 -1 -5.35e-12      0.00 7.092e-01 2.755e-01 2.710e-03 7.399e-04 6.720e-03 -1.000 1.527e-02 1.779 4.577 3.425 2.308 1.618 1.083 0.296 -0.345 -0.436
0.0152 0.01508 5.00000 1.2000000477 2.5068948796    1.200  1.229  3.6572  2.869    0  0.000  0.538     0.00     0.00     0.00     0.00     0.00 -1 -5.17e-12      0.00 7.092e-01 2.755e-01 2.710e-03 7.399e-04 6.720e-03 -1.000 1.527e-02 1.697 4.455 3.322 2.213 1.530 0.999 0.218 -0.417 -0.507
0.0152 0.01508 5.00000 1.2272049189 2.5105438436    1.227  1.246  3.6581  2.866    0  0.000  0.538     0.00     0.00     0.00     0.00     0.00 -1 -5.03e-12      0.00 7.092e-01 2.755e-01 2.710e-03 7.399e-04 6.720e-03 -1.000 1.527e-02 1.656 4.393 3.271 2.166 1.486 0.958 0.180 -0.452 -0.542
0.0152 0.01508 5.00000 1.2500000000 2.5134610955    1.250  1.258  3.6588  2.864    0  0.000  0.538     0.00     0.00     0.00     0.00     0.00 -1 -4.91e-12      0.00 7.092e-01 2.755e-01 2.710e-03 7.399e-04 6.720e-03 -1.000 1.527e-02 1.624 4.343 3.230 2.128 1.451 0.925 0.150 -0.479 -0.569
0.0152 0.01508 5.00000 1.2999999523 2.5194498592    1.300  1.286  3.6603  2.859    0  0.000  0.538     0.00     0.00     0.00     0.00     0.00 -1 -4.58e-12      0.00 7.092e-01 2.755e-01 2.710e-03 7.399e-04 6.720e-03 -1.000 1.527e-02 1.554 4.237 3.142 2.047 1.375 0.853 0.084 -0.540 -0.629
0.0152 0.01508 5.00000 1.3095191717 2.5205305918    1.310  1.291  3.6606  2.858    0  0.000  0.538     0.00     0.00     0.00     0.00     0.00 -1 -4.51e-12      0.00 7.092e-01 2.755e-01 2.710e-03 7.399e-04 6.720e-03 -1.000 1.527e-02 1.541 4.218 3.126 2.032 1.362 0.840 0.072 -0.551 -0.640
0.0152 0.01508 5.00000 1.3500001431 2.5249313723    1.350  1.312  3.6617  2.855    0  0.000  0.538     0.00     0.00     0.00     0.00     0.00 -1  -4.2e-12      0.00 7.092e-01 2.755e-01 2.710e-03 7.399e-04 6.720e-03 -1.000 1.527e-02 1.489 4.139 3.060 1.971 1.305 0.787 0.023 -0.597 -0.684
0.0152 0.01508 5.00000 1.4000000954 2.5299650415    1.400  1.337  3.6631  2.851    0  0.000  0.538     0.00     0.00     0.00     0.00     0.00 -1 -3.76e-12      0.00 7.092e-01 2.755e-01 2.710e-03 7.399e-04 6.720e-03 -1.000 1.527e-02 1.426 4.045 2.982 1.899 1.238 0.723 -0.036 -0.651 -0.738
0.0152 0.01508 5.00000 1.4500000477 2.5346015836    1.450  1.361  3.6644  2.848    0  0.000  0.538     0.00     0.00     0.00     0.00     0.00 -1 -3.26e-12      0.00 7.092e-01 2.755e-01 2.710e-03 7.399e-04 6.720e-03 -1.000 1.527e-02 1.368 3.956 2.909 1.831 1.176 0.664 -0.091 -0.701 -0.787
0.0152 0.01508 5.00000 1.5000000000 2.5388844597    1.500  1.386  3.6655  2.842    0  0.000  0.538     0.00     0.00     0.00     0.00     0.00 -1 -2.73e-12      0.00 7.092e-01 2.755e-01 2.710e-03 7.399e-04 6.720e-03 -1.000 1.527e-02 1.306 3.867 2.833 1.761 1.110 0.600 -0.150 -0.757 -0.842
0.0152 0.01508 5.00000 1.5499999523 2.5428511323    1.550  1.409  3.6666  2.838    0  0.000  0.538     0.00     0.00     0.00     0.00     0.00 -1 -2.14e-12      0.00 7.092e-01 2.755e-01 2.710e-03 7.399e-04 6.720e-03 -1.000 1.527e-02 1.248 3.784 2.763 1.695 1.049 0.542 -0.204 -0.807 -0.892
0.0152 0.01508 5.00000 1.5811660290 2.5451782122    1.581  1.422  3.6673  2.836    0  0.000  0.538     0.00     0.00     0.00     0.00     0.00 -1  -1.7e-12      0.00 7.092e-01 2.755e-01 2.710e-03 7.399e-04 6.720e-03 -1.000 1.527e-02 1.215 3.735 2.722 1.657 1.013 0.508 -0.236 -0.836 -0.921
0.0152 0.01508 5.00000 1.6000000238 2.5465340628    1.600  1.428  3.6678  2.837    0  0.000  0.538     0.00     0.00     0.00     0.00     0.00 -1 -1.47e-12      0.00 7.092e-01 2.755e-01 2.710e-03 7.399e-04 6.720e-03 -1.000 1.527e-02 1.199 3.708 2.701 1.638 0.996 0.492 -0.250 -0.849 -0.933
0.0152 0.01508 5.00000 1.6500000954 2.5499614852    1.649  1.451  3.6688  2.832    0  0.000  0.538     0.00     0.00     0.00     0.00     0.00 -1 -7.66e-13      0.00 7.092e-01 2.755e-01 2.710e-03 7.399e-04 6.720e-03 -1.000 1.527e-02 1.143 3.629 2.633 1.575 0.937 0.435 -0.303 -0.899 -0.982
0.0152 0.01508 5.00000 1.7000000477 2.5531580802    1.699  1.468  3.6699  2.832    0  0.000  0.538     0.00     0.00     0.00     0.00     0.00 -1    -1e-30      0.00 7.092e-01 2.755e-01 2.710e-03 7.399e-04 6.720e-03 -1.000 1.527e-02 1.100 3.560 2.577 1.524 0.890 0.391 -0.343 -0.935 -1.018
0.0152 0.01508 5.00000 1.7500000000 2.5561455243    1.749  1.489  3.6708  2.827    0  0.000  0.538     0.00     0.00     0.00     0.00     0.00 -1    -1e-30      0.00 7.092e-01 2.755e-01 2.710e-03 7.399e-04 6.720e-03 -1.000 1.527e-02 1.048 3.487 2.516 1.466 0.835 0.338 -0.392 -0.981 -1.063
0.0152 0.01508 5.00000 1.7663903236 2.5570826006    1.765  1.495  3.6711  2.826    0  0.000  0.538     0.00     0.00     0.00     0.00     0.00 -1    -1e-30      0.00 7.092e-01 2.755e-01 2.710e-03 7.399e-04 6.720e-03 -1.000 1.527e-02 1.033 3.465 2.497 1.448 0.819 0.323 -0.407 -0.995 -1.077
0.0152 0.01508 5.00000 1.7999999523 2.5589429085    1.799  1.505  3.6718  2.827    0  0.000  0.538     0.00     0.00     0.00     0.00     0.00 -1    -1e-30      0.00 7.092e-01 2.755e-01 2.710e-03 7.399e-04 6.720e-03 -1.000 1.527e-02 1.007 3.424 2.464 1.418 0.791 0.296 -0.430 -1.016 -1.098
0.0152 0.01508 5.00000 1.8500000238 2.5615671203    1.849  1.521  3.6728  2.827    0  0.000  0.538     0.00     0.00     0.00     0.00     0.00 -1    -1e-30      0.00 7.092e-01 2.755e-01 2.710e-03 7.399e-04 6.720e-03 -1.000 1.527e-02 0.967 3.362 2.413 1.372 0.748 0.256 -0.468 -1.050 -1.131
0.0152 0.01508 5.00000 1.9000000954 2.5640331317    1.899  1.540  3.6736  2.823    0  0.000  0.538     0.00     0.00     0.00     0.00     0.00 -1    -1e-30      0.00 7.092e-01 2.755e-01 2.710e-03 7.399e-04 6.720e-03 -1.000 1.527e-02 0.921 3.298 2.358 1.320 0.700 0.209 -0.511 -1.091 -1.172
0.0152 0.01508 5.00000 1.9007760286 2.5640702268    1.900  1.540  3.6736  2.823    0  0.000  0.538     0.00     0.00     0.00     0.00     0.00 -1    -1e-30      0.00 7.092e-01 2.755e-01 2.710e-03 7.399e-04 6.720e-03 -1.000 1.527e-02 0.920 3.297 2.357 1.320 0.699 0.208 -0.512 -1.092 -1.173
0.0152 0.01508 5.00000 1.9500001669 2.5663542767    1.950  1.555  3.6745  2.823    0  0.000  0.538     0.00     0.00     0.00     0.00     0.00 -1    -1e-30      0.00 7.092e-01 2.755e-01 2.710e-03 7.399e-04 6.720e-03 -1.000 1.527e-02 0.882 3.240 2.310 1.276 0.658 0.169 -0.548 -1.124 -1.205
0.0152 0.01508 5.00000 2.0000000000 2.5685424513    2.000  1.570  3.6754  2.823    0  0.000  0.538     0.00     0.00     0.00     0.00     0.00 -1    -1e-30      0.00 7.092e-01 2.755e-01 2.710e-03 7.399e-04 6.720e-03 -1.000 1.527e-02 0.845 3.183 2.263 1.233 0.619 0.132 -0.582 -1.156 -1.236
0.0152 0.01508 5.00000 2.0085380077 2.5689036032    2.009  1.573  3.6755  2.822    0  0.000  0.538     0.00     0.00     0.00     0.00     0.00 -1    -1e-30      0.00 7.092e-01 2.755e-01 2.710e-03 7.399e-04 6.720e-03 -1.000 1.527e-02 0.838 3.173 2.255 1.225 0.611 0.125 -0.589 -1.162 -1.242
0.0152 0.01508 5.00000 2.0499999523 2.5706083333    2.050  1.585  3.6763  2.822    0  0.000  0.538     0.00     0.00     0.00     0.00     0.00 -1    -1e-30      0.00 7.092e-01 2.755e-01 2.710e-03 7.399e-04 6.720e-03 -1.000 1.527e-02 0.807 3.127 2.217 1.190 0.579 0.094 -0.617 -1.188 -1.268
0.0152 0.01508 5.00000 2.0999999046 2.5725614918    2.099  1.598  3.6771  2.823    0  0.000  0.538     0.00     0.00     0.00     0.00     0.00 -1    -1e-30      0.00 7.092e-01 2.755e-01 2.710e-03 7.399e-04 6.720e-03 -1.000 1.527e-02 0.775 3.076 2.175 1.152 0.544 0.061 -0.647 -1.215 -1.294
0.0152 0.01508 5.00000 2.1359493732 2.5739009959    2.135  1.610  3.6776  2.819    0  0.000  0.538     0.00     0.00     0.00     0.00     0.00 -1    -1e-30      0.00 7.092e-01 2.755e-01 2.710e-03 7.399e-04 6.720e-03 -1.000 1.527e-02 0.745 3.036 2.140 1.119 0.512 0.030 -0.676 -1.243 -1.321
0.0152 0.01508 5.00000 2.1500000954 2.5744105556    2.149  1.614  3.6778  2.819    0  0.000  0.538     0.00     0.00     0.00     0.00     0.00 -1    -1e-30      0.00 7.092e-01 2.755e-01 2.710e-03 7.399e-04 6.720e-03 -1.000 1.527e-02 0.735 3.021 2.128 1.108 0.502 0.021 -0.685 -1.251 -1.329
0.0152 0.01508 5.00000 2.2000000477 2.5761632879    2.199  1.625  3.6787  2.822    0  0.000  0.538     0.00     0.00     0.00     0.00     0.00 -1    -1e-30      0.00 7.092e-01 2.755e-01 2.710e-03 7.399e-04 6.720e-03 -1.000 1.527e-02 0.707 2.974 2.091 1.075 0.472 -0.008 -0.710 -1.273 -1.351
0.0152 0.01508 5.00000 2.2410864830 2.5775364411    2.240  1.637  3.6792  2.820    0  0.000  0.538     0.00     0.00     0.00     0.00     0.00 -1    -1e-30      0.00 7.092e-01 2.755e-01 2.710e-03 7.399e-04 6.720e-03 -1.000 1.527e-02 0.677 2.932 2.055 1.041 0.440 -0.039 -0.739 -1.300 -1.378
0.0152 0.01508 5.00000 2.2500000000 2.5778267375    2.249  1.639  3.6794  2.820    0  0.000  0.538     0.00     0.00     0.00     0.00     0.00 -1    -1e-30      0.00 7.092e-01 2.755e-01 2.710e-03 7.399e-04 6.720e-03 -1.000 1.527e-02 0.671 2.923 2.048 1.034 0.434 -0.044 -0.744 -1.305 -1.382
0.0152 0.01508 5.00000 2.2999999523 2.5794072884    2.299  1.650  3.6802  2.822    0  0.000  0.538     0.00     0.00     0.00     0.00     0.00 -1    -1e-30      0.00 7.092e-01 2.755e-01 2.710e-03 7.399e-04 6.720e-03 -1.000 1.527e-02 0.644 2.877 2.011 1.002 0.404 -0.072 -0.768 -1.327 -1.404
0.0152 0.01508 5.00000 2.3300459385 2.5803196398    2.329  1.658  3.6806  2.821    0  0.000  0.538     0.00     0.00     0.00     0.00     0.00 -1    -1e-30      0.00 7.092e-01 2.755e-01 2.710e-03 7.399e-04 6.720e-03 -1.000 1.527e-02 0.624 2.849 1.987 0.979 0.383 -0.093 -0.787 -1.344 -1.421
0.0152 0.01508 5.00000 2.4000000954 2.5823423892    2.399  1.675  3.6816  2.822    0  0.000  0.538     0.00     0.00     0.00     0.00     0.00 -1    -1e-30      0.00 7.092e-01 2.755e-01 2.710e-03 7.399e-04 6.720e-03 -1.000 1.527e-02 0.583 2.788 1.936 0.933 0.339 -0.134 -0.825 -1.379 -1.456
0.0152 0.01508 5.00000 2.4900305271 2.5847542803    2.489  1.639  3.6861  2.892    0  0.000  0.538     0.00     0.00     0.00     0.00     0.00 -1    -1e-30      0.00 7.092e-01 2.755e-01 2.710e-03 7.399e-04 6.720e-03 -1.000 1.527e-02 0.674 2.789 1.983 1.000 0.419 -0.045 -0.720 -1.261 -1.335
0.0152 0.01508 5.00000 2.5999999046 2.5874412955    2.600  1.611  3.6904  2.955    0  0.000  0.538     0.00     0.00     0.00     0.00     0.00 -1    -1e-30      0.00 7.092e-01 2.755e-01 2.710e-03 7.399e-04 6.720e-03 -1.000 1.527e-02 0.742 2.772 2.009 1.045 0.477 0.021 -0.638 -1.166 -1.237
0.0152 0.01508 5.00000 2.6483135223 2.5885409833    2.648  1.622  3.6910  2.955    0  0.000  0.538     0.00     0.00     0.00     0.00     0.00 -1    -1e-30      0.00 7.092e-01 2.755e-01 2.710e-03 7.399e-04 6.720e-03 -1.000 1.527e-02 0.715 2.733 1.976 1.014 0.448 -0.006 -0.663 -1.189 -1.261
0.0152 0.01508 5.00000 2.8000001907 2.5917117867    2.800  1.658  3.6926  2.950    0  0.000  0.538     0.00     0.00     0.00     0.00     0.00 -1    -1e-30      0.00 7.092e-01 2.755e-01 2.710e-03 7.399e-04 6.720e-03 -1.000 1.527e-02 0.625 2.612 1.872 0.917 0.356 -0.096 -0.747 -1.269 -1.339
0.0152 0.01508 5.00000 2.9384269714 2.5942793138    2.939  1.688  3.6941  2.947    0  0.000  0.538     0.00     0.00     0.00     0.00     0.00 -1    -1e-30      0.00 7.092e-01 2.755e-01 2.710e-03 7.399e-04 6.720e-03 -1.000 1.527e-02 0.551 2.510 1.784 0.836 0.279 -0.170 -0.816 -1.333 -1.403
0.0152 0.01508 5.00000 3.0000000000 2.5953341962    3.000  1.701  3.6947  2.945    0  0.000  0.538     0.00     0.00     0.00     0.00     0.00 -1    -1e-30      0.00 7.092e-01 2.755e-01 2.710e-03 7.399e-04 6.720e-03 -1.000 1.527e-02 0.518 2.464 1.745 0.799 0.244 -0.204 -0.848 -1.363 -1.432
0.0152 0.01508 5.00000 3.0813004971 2.5966530549    3.081  1.717  3.6955  2.944    0  0.000  0.538     0.00     0.00     0.00     0.00     0.00 -1    -1e-30      0.00 7.092e-01 2.755e-01 2.710e-03 7.399e-04 6.720e-03 -1.000 1.527e-02 0.478 2.409 1.698 0.755 0.202 -0.244 -0.885 -1.398 -1.467
0.0152 0.01508 5.00000 3.2000000477 2.5984409005    3.199  1.741  3.6965  2.940    0  0.000  0.538     0.00     0.00     0.00     0.00     0.00 -1    -1e-30      0.00 7.092e-01 2.755e-01 2.710e-03 7.399e-04 6.720e-03 -1.000 1.527e-02 0.417 2.328 1.627 0.689 0.140 -0.305 -0.942 -1.452 -1.520
0.0152 0.01508 5.00000 3.3281836510 2.6002078358    3.327  1.766  3.6976  2.936    0  0.000  0.538     0.00     0.00     0.00     0.00     0.00 -1    -1e-30      0.00 7.092e-01 2.755e-01 2.710e-03 7.399e-04 6.720e-03 -1.000 1.527e-02 0.355 2.244 1.555 0.621 0.075 -0.367 -1.001 -1.507 -1.575
0.0152 0.01508 5.00000 3.4000000954 2.6011310876    3.398  1.780  3.6982  2.934    0  0.000  0.538     0.00     0.00     0.00     0.00     0.00 -1    -1e-30      0.00 7.092e-01 2.755e-01 2.710e-03 7.399e-04 6.720e-03 -1.000 1.527e-02 0.320 2.198 1.515 0.584 0.039 -0.402 -1.033 -1.538 -1.605
0.0152 0.01508 5.00000 3.5614051819 2.6030506776    3.559  1.809  3.6996  2.931    0  0.000  0.538     0.00     0.00     0.00     0.00     0.00 -1    -1e-30      0.00 7.092e-01 2.755e-01 2.710e-03 7.399e-04 6.720e-03 -1.000 1.527e-02 0.248 2.099 1.430 0.505 -0.036 -0.474 -1.101 -1.602 -1.668
0.0152 0.01508 5.00000 3.6000001431 2.6034804607    3.598  1.817  3.6999  2.929    0  0.000  0.538     0.00     0.00     0.00     0.00     0.00 -1    -1e-30      0.00 7.092e-01 2.755e-01 2.710e-03 7.399e-04 6.720e-03 -1.000 1.527e-02 0.229 2.075 1.408 0.484 -0.056 -0.494 -1.119 -1.619 -1.686
0.0152 0.01508 5.00000 3.7951126099 2.6055001905    3.793  1.854  3.7012  2.920    0  0.000  0.538     0.00     0.00     0.00     0.00     0.00 -1    -1e-30      0.00 7.092e-01 2.755e-01 2.710e-03 7.399e-04 6.720e-03 -1.000 1.527e-02 0.135 1.957 1.303 0.385 -0.151 -0.586 -1.208 -1.704 -1.770
0.0152 0.01508 5.00000 3.8000001907 2.6055477311    3.798  1.855  3.7013  2.920    0  0.000  0.538     0.00     0.00     0.00     0.00     0.00 -1    -1e-30      0.00 7.092e-01 2.755e-01 2.710e-03 7.399e-04 6.720e-03 -1.000 1.527e-02 0.133 1.954 1.301 0.382 -0.153 -0.589 -1.210 -1.706 -1.772
0.0152 0.01508 5.00000 3.9153857231 2.6066305364    3.915  1.875  3.7021  2.917    0  0.000  0.538     0.00     0.00     0.00     0.00     0.00 -1    -1e-30      0.00 7.092e-01 2.755e-01 2.710e-03 7.399e-04 6.720e-03 -1.000 1.527e-02 0.084 1.888 1.244 0.329 -0.204 -0.638 -1.256 -1.749 -1.815
0.0152 0.01508 5.00000 4.0000000000 2.6073790840    4.001  1.891  3.7027  2.912    0  0.000  0.538     0.00     0.00     0.00     0.00     0.00 -1    -1e-30      0.00 7.092e-01 2.755e-01 2.710e-03 7.399e-04 6.720e-03 -1.000 1.527e-02 0.044 1.838 1.199 0.286 -0.245 -0.678 -1.294 -1.786 -1.851
0.0152 0.01508 5.00000 4.1732249260 2.6088032185    4.171  1.921  3.7040  2.906    0  0.000  0.538     0.00     0.00     0.00     0.00     0.00 -1    -1e-30      0.00 7.092e-01 2.755e-01 2.710e-03 7.399e-04 6.720e-03 -1.000 1.527e-02 -0.032 1.739 1.112 0.205 -0.323 -0.753 -1.365 -1.853 -1.917
0.0152 0.01508 5.00000 4.1999998093 2.6090113217    4.198  1.926  3.7042  2.904    0  0.000  0.538     0.00     0.00     0.00     0.00     0.00 -1    -1e-30      0.00 7.092e-01 2.755e-01 2.710e-03 7.399e-04 6.720e-03 -1.000 1.527e-02 -0.045 1.723 1.098 0.191 -0.336 -0.766 -1.378 -1.865 -1.929
0.0152 0.01508 5.00000 4.3770084381 2.6103137530    4.374  1.959  3.7054  2.894    0  0.000  0.538     0.00     0.00     0.00     0.00     0.00 -1    -1e-30      0.00 7.092e-01 2.755e-01 2.710e-03 7.399e-04 6.720e-03 -1.000 1.527e-02 -0.127 1.619 1.005 0.104 -0.420 -0.848 -1.456 -1.939 -2.003
0.0152 0.01508 5.00000 4.4000000954 2.6104741055    4.397  1.963  3.7055  2.892    0  0.000  0.538     0.00     0.00     0.00     0.00     0.00 -1    -1e-30      0.00 7.092e-01 2.755e-01 2.710e-03 7.399e-04 6.720e-03 -1.000 1.527e-02 -0.138 1.605 0.993 0.092 -0.431 -0.859 -1.466 -1.949 -2.013
0.0152 0.01508 5.00000 4.4811286926 2.6110248393    4.478  1.978  3.7061  2.888    0  0.000  0.538     0.00     0.00     0.00     0.00     0.00 -1    -1e-30      0.00 7.092e-01 2.755e-01 2.710e-03 7.399e-04 6.720e-03 -1.000 1.527e-02 -0.175 1.558 0.951 0.053 -0.469 -0.896 -1.501 -1.982 -2.046
0.0152 0.01508 5.00000 4.5999999046 2.6117915791    4.597  2.001  3.7070  2.879    0  0.000  0.538     0.00     0.00     0.00     0.00     0.00 -1    -1e-30      0.00 7.092e-01 2.755e-01 2.710e-03 7.399e-04 6.720e-03 -1.000 1.527e-02 -0.233 1.483 0.885 -0.010 -0.529 -0.954 -1.556 -2.035 -2.099
0.0152 0.01508 5.00000 4.6282005310 2.6119668434    4.626  2.006  3.7072  2.878    0  0.000  0.538     0.00     0.00     0.00     0.00     0.00 -1    -1e-30      0.00 7.092e-01 2.755e-01 2.710e-03 7.399e-04 6.720e-03 -1.000 1.527e-02 -0.246 1.467 0.870 -0.023 -0.542 -0.967 -1.568 -2.047 -2.110
0.0152 0.01508 5.00000 4.8000001907 2.6129836005    4.798  2.044  3.7083  2.861    0  0.000  0.538     0.00     0.00     0.00     0.00     0.00 -1    -1e-30      0.00 7.092e-01 2.755e-01 2.710e-03 7.399e-04 6.720e-03 -1.000 1.527e-02 -0.339 1.353 0.768 -0.121 -0.637 -1.060 -1.657 -2.132 -2.195
0.0152 0.01508 5.00000 4.8779377937 2.6134177916    4.876  2.058  3.7090  2.856    0  0.000  0.538     0.00     0.00     0.00     0.00     0.00 -1    -1e-30      0.00 7.092e-01 2.755e-01 2.710e-03 7.399e-04 6.720e-03 -1.000 1.527e-02 -0.375 1.305 0.726 -0.161 -0.675 -1.096 -1.691 -2.165 -2.227
0.0152 0.01508 5.00000 5.0000000000 2.6140666223    4.999  2.086  3.7100  2.843    0  0.000  0.538     0.00     0.00     0.00     0.00     0.00 -1    -1e-30      0.00 7.092e-01 2.755e-01 2.710e-03 7.399e-04 6.720e-03 -1.000 1.527e-02 -0.445 1.217 0.648 -0.234 -0.745 -1.165 -1.757 -2.227 -2.289
0.0152 0.01508 5.00000 5.1999998093 2.6150544000    5.200  2.135  3.7117  2.817    0  0.000  0.538     0.00     0.00     0.00     0.00     0.00 -1    -1e-30      0.00 7.092e-01 2.755e-01 2.710e-03 7.399e-04 6.720e-03 -1.000 1.527e-02 -0.568 1.064 0.510 -0.365 -0.871 -1.288 -1.875 -2.340 -2.401
0.0152 0.01508 5.00000 5.3999996185 2.6159585084    5.401  2.185  3.7138  2.793    0  0.000  0.538     0.00     0.00     0.00     0.00     0.00 -1    -1e-30      0.00 7.092e-01 2.755e-01 2.710e-03 7.399e-04 6.720e-03 -1.000 1.527e-02 -0.691 0.906 0.370 -0.496 -0.997 -1.410 -1.990 -2.449 -2.509
0.0152 0.01508 5.00000 5.4110183716 2.6160060900    5.412  2.187  3.7139  2.792    0  0.000  0.538     0.00     0.00     0.00     0.00     0.00 -1    -1e-30      0.00 7.092e-01 2.755e-01 2.710e-03 7.399e-04 6.720e-03 -1.000 1.527e-02 -0.698 0.898 0.363 -0.503 -1.004 -1.417 -1.995 -2.454 -2.515
0.0152 0.01508 5.00000 5.4586100578 2.6162090668    5.459  2.201  3.7144  2.784    0  0.000  0.538     0.00     0.00     0.00     0.00     0.00 -1    -1e-30      0.00 7.092e-01 2.755e-01 2.710e-03 7.399e-04 6.720e-03 -1.000 1.527e-02 -0.731 0.855 0.325 -0.539 -1.038 -1.450 -2.027 -2.485 -2.545
0.0152 0.01508 5.00000 5.5999994278 2.6167887546    5.601  2.250  3.7164  2.753    0  0.000  0.538     0.00     0.00     0.00     0.00     0.00 -1    -1e-30      0.00 7.092e-01 2.755e-01 2.710e-03 7.399e-04 6.720e-03 -1.000 1.527e-02 -0.856 0.698 0.184 -0.671 -1.165 -1.574 -2.145 -2.597 -2.656
0.0152 0.01508 5.00000 5.8000001907 2.6175535027    5.801  2.332  3.7199  2.701    0  0.000  0.538     0.00     0.00     0.00     0.00     0.00 -1    -1e-30      0.00 7.092e-01 2.755e-01 2.710e-03 7.399e-04 6.720e-03 -1.000 1.527e-02 -1.060 0.435 -0.049 -0.890 -1.374 -1.777 -2.336 -2.778 -2.836
0.0152 0.01508 5.00000 5.9368581772 2.6180428017    5.937  2.394  3.7227  2.661    0  0.000  0.538     0.00     0.00     0.00     0.00     0.00 -1    -1e-30      0.00 7.092e-01 2.755e-01 2.710e-03 7.399e-04 6.720e-03 -1.000 1.527e-02 -1.215 0.236 -0.226 -1.055 -1.532 -1.930 -2.480 -2.913 -2.971
0.0152 0.01508 5.00000 6.0000000000 2.6182599138    6.000  2.425  3.7246  2.642    0  0.000  0.538     0.00     0.00     0.00     0.00     0.00 -1    -1e-30      0.00 7.092e-01 2.755e-01 2.710e-03 7.399e-04 6.720e-03 -1.000 1.527e-02 -1.293 0.130 -0.319 -1.139 -1.612 -2.007 -2.550 -2.978 -3.035
0.0152 0.01508 5.00000 6.1025199890 2.6186014466    6.102  2.475  3.7278  2.612    0  0.000  0.538     0.00     0.00     0.00     0.00     0.00 -1    -1e-30      0.00 7.092e-01 2.755e-01 2.710e-03 7.399e-04 6.720e-03 -1.000 1.527e-02 -1.417 -0.042 -0.468 -1.275 -1.740 -2.129 -2.663 -3.082 -3.138
0.0152 0.01508 5.00000 6.1999998093 2.6189141709    6.200  2.520  3.7314  2.588    0  0.000  0.538     0.00     0.00     0.00     0.00     0.00 -1    -1e-30      0.00 7.092e-01 2.755e-01 2.710e-03 7.399e-04 6.720e-03 -1.000 1.527e-02 -1.530 -0.207 -0.608 -1.400 -1.856 -2.239 -2.761 -3.170 -3.225
0.0152 0.01508 5.00000 6.2010669708 2.6189175319    6.201  2.520  3.7314  2.588    0  0.000  0.538     0.00     0.00     0.00     0.00     0.00 -1    -1e-30      0.00 7.092e-01 2.755e-01 2.710e-03 7.399e-04 6.720e-03 -1.000 1.527e-02 -1.531 -0.209 -0.610 -1.401 -1.857 -2.240 -2.762 -3.171 -3.226
0.0152 0.01508 5.00000 6.3986358643 2.6195176320    6.397  2.598  3.7406  2.560    0  0.000  0.538     0.00     0.00     0.00     0.00     0.00 -1    -1e-30      0.00 7.092e-01 2.755e-01 2.710e-03 7.399e-04 6.720e-03 -1.000 1.527e-02 -1.726 -0.527 -0.873 -1.625 -2.060 -2.427 -2.921 -3.304 -3.357
0.0152 0.01508 5.00000 6.4000000954 2.6195216279    6.399  2.599  3.7407  2.560    0  0.000  0.538     0.00     0.00     0.00     0.00     0.00 -1    -1e-30      0.00 7.092e-01 2.755e-01 2.710e-03 7.399e-04 6.720e-03 -1.000 1.527e-02 -1.727 -0.529 -0.875 -1.626 -2.061 -2.428 -2.922 -3.305 -3.358
0.0152 0.01508 5.00000 6.5564365387 2.6199671815    6.554  2.652  3.7503  2.556    0  0.000  0.538     0.00     0.00     0.00     0.00     0.00 -1    -1e-30      0.00 7.092e-01 2.755e-01 2.710e-03 7.399e-04 6.720e-03 -1.000 1.527e-02 -1.860 -0.772 -1.075 -1.788 -2.200 -2.550 -3.014 -3.371 -3.421
0.0152 0.01508 5.00000 6.6998867989 2.6203547883    6.697  2.696  3.7623  2.569    0  0.000  0.538     0.00     0.00     0.00     0.00     0.00 -1    -1e-30      0.00 7.092e-01 2.755e-01 2.710e-03 7.399e-04 6.720e-03 -1.000 1.527e-02 -1.971 -1.014 -1.272 -1.931 -2.316 -2.643 -3.072 -3.397 -3.444
0.0152 0.01508 5.00000 6.8297204971 2.6206895076    6.826  2.735  3.7759  2.593    0  0.000  0.538     0.00     0.00     0.00     0.00     0.00 -1    -1e-30      0.00 7.092e-01 2.755e-01 2.710e-03 7.399e-04 6.720e-03 -1.000 1.527e-02 -2.068 -1.250 -1.465 -2.059 -2.411 -2.712 -3.104 -3.395 -3.438
0.0152 0.01508 5.00000 6.9508810043 2.6209889309    6.946  2.771  3.7907  2.623    0  0.000  0.538     0.00     0.00     0.00     0.00     0.00 -1    -1e-30      0.00 7.092e-01 2.755e-01 2.710e-03 7.399e-04 6.720e-03 -1.000 1.527e-02 -2.159 -1.473 -1.655 -2.178 -2.494 -2.767 -3.121 -3.377 -3.415
0.0152 0.01508 5.00000 7.0000000000 2.6211069280    6.996  2.787  3.7970  2.636    0  0.000  0.538     0.00     0.00     0.00     0.00     0.00 -1    -1e-30      0.00 7.092e-01 2.755e-01 2.710e-03 7.399e-04 6.720e-03 -1.000 1.527e-02 -2.197 -1.562 -1.733 -2.226 -2.527 -2.788 -3.126 -3.368 -3.405
0.0152 0.01508 5.00000 7.0596303940 2.6212476416    7.056  2.805  3.8048  2.653    0  0.000  0.538     0.00     0.00     0.00     0.00     0.00 -1    -1e-30      0.00 7.092e-01 2.755e-01 2.710e-03 7.399e-04 6.720e-03 -1.000 1.527e-02 -2.242 -1.665 -1.825 -2.282 -2.565 -2.811 -3.130 -3.356 -3.390
0.0152 0.01508 5.00000 7.1682872772 2.6214971373    7.165  2.839  3.8193  2.684    0  0.000  0.538     0.00     0.00     0.00     0.00     0.00 -1    -1e-30      0.00 7.092e-01 2.755e-01 2.710e-03 7.399e-04 6.720e-03 -1.000 1.527e-02 -2.327 -1.841 -1.990 -2.386 -2.636 -2.855 -3.139 -3.335 -3.365
0.0152 0.01508 5.00000 7.2758040428 2.6217355986    7.273  2.875  3.8340  2.713    0  0.000  0.538     0.00     0.00     0.00     0.00     0.00 -1    -1e-30      0.00 7.092e-01 2.755e-01 2.710e-03 7.399e-04 6.720e-03 -1.000 1.527e-02 -2.416 -2.001 -2.152 -2.491 -2.708 -2.899 -3.150 -3.315 -3.342
0.0152 0.01508 5.00000 7.3812952042 2.6219618195    7.379  2.912  3.8489  2.742    0  0.000  0.538     0.00     0.00     0.00     0.00     0.00 -1    -1e-30      0.00 7.092e-01 2.755e-01 2.710e-03 7.399e-04 6.720e-03 -1.000 1.527e-02 -2.509 -2.154 -2.311 -2.595 -2.779 -2.941 -3.159 -3.296 -3.321
0.0152 0.01508 5.00000 7.4841198921 2.6221752789    7.482  2.950  3.8639  2.770    0  0.000  0.538     0.00     0.00     0.00     0.00     0.00 -1    -1e-30      0.00 7.092e-01 2.755e-01 2.710e-03 7.399e-04 6.720e-03 -1.000 1.527e-02 -2.604 -2.304 -2.469 -2.697 -2.847 -2.981 -3.168 -3.279 -3.301
0.0152 0.01508 5.00000 7.5839133263 2.6223760932    7.583  2.989  3.8788  2.796    0  0.000  0.538     0.00     0.00     0.00     0.00     0.00 -1    -1e-30      0.00 7.092e-01 2.755e-01 2.710e-03 7.399e-04 6.720e-03 -1.000 1.527e-02 -2.702 -2.453 -2.623 -2.793 -2.911 -3.019 -3.176 -3.264 -3.283
0.0152 0.01508 5.00000 7.6804909706 2.6225647332    7.680  3.029  3.8938  2.822    0  0.000  0.538     0.00     0.00     0.00     0.00     0.00 -1    -1e-30      0.00 7.092e-01 2.755e-01 2.710e-03 7.399e-04 6.720e-03 -1.000 1.527e-02 -2.801 -2.601 -2.765 -2.884 -2.973 -3.056 -3.184 -3.251 -3.268
0.0152 0.01508 5.00000 7.7738599777 2.6227419907    7.774  3.069  3.9088  2.847    0  0.000  0.538     0.00     0.00     0.00     0.00     0.00 -1    -1e-30      0.00 7.092e-01 2.755e-01 2.710e-03 7.399e-04 6.720e-03 -1.000 1.527e-02 -2.902 -2.749 -2.889 -2.967 -3.031 -3.092 -3.193 -3.242 -3.256
0.0152 0.01508 5.00000 7.8640799522 2.6229086797    7.865  3.109  3.9238  2.871    0  0.000  0.538     0.00     0.00     0.00     0.00     0.00 -1    -1e-30      0.00 7.092e-01 2.755e-01 2.710e-03 7.399e-04 6.720e-03 -1.000 1.527e-02 -3.004 -2.894 -2.999 -3.041 -3.084 -3.127 -3.201 -3.236 -3.246
0.0152 0.01508 5.00000 7.9512577057 2.6230656222    7.952  3.150  3.9388  2.895    0  0.000  0.538     0.00     0.00     0.00     0.00     0.00 -1    -1e-30      0.00 7.092e-01 2.755e-01 2.710e-03 7.399e-04 6.720e-03 -1.000 1.527e-02 -3.105 -3.033 -3.092 -3.102 -3.129 -3.157 -3.207 -3.230 -3.236
0.0152 0.01508 5.00000 8.0000000000 2.6231516585    8.001  3.173  3.9473  2.909    0  0.000  0.538     0.00     0.00     0.00     0.00     0.00 -1    -1e-30      0.00 7.092e-01 2.755e-01 2.710e-03 7.399e-04 6.720e-03 -1.000 1.527e-02 -3.164 -3.105 -3.136 -3.132 -3.152 -3.172 -3.209 -3.227 -3.230
0.0152 0.01508 5.00000 8.0255498886 2.6231962774    8.026  3.185  3.9518  2.916    0  0.000  0.538     0.00     0.00     0.00     0.00     0.00 -1    -1e-30      0.00 7.092e-01 2.755e-01 2.710e-03 7.399e-04 6.720e-03 -1.000 1.527e-02 -3.194 -3.141 -3.157 -3.147 -3.163 -3.179 -3.210 -3.225 -3.227
0.0152 0.01508 5.00000 8.1068458557 2.6233360991    8.107  3.224  3.9662  2.939    0  0.000  0.538     0.00     0.00     0.00     0.00     0.00 -1    -1e-30      0.00 7.092e-01 2.755e-01 2.710e-03 7.399e-04 6.720e-03 -1.000 1.527e-02 -3.291 -3.251 -3.218 -3.188 -3.195 -3.202 -3.212 -3.220 -3.218
0.0152 0.01508 5.00000 8.1856718063 2.6234686272    8.185  3.263  3.9806  2.963    0  0.000  0.538     0.00     0.00     0.00     0.00     0.00 -1    -1e-30      0.00 7.092e-01 2.755e-01 2.710e-03 7.399e-04 6.720e-03 -1.000 1.527e-02 -3.387 -3.353 -3.271 -3.225 -3.225 -3.222 -3.213 -3.215 -3.208
0.0152 0.01508 5.00000 8.2622346878 2.6235945703    8.261  3.301  3.9950  2.986    0  0.000  0.538     0.00     0.00     0.00     0.00     0.00 -1    -1e-30      0.00 7.092e-01 2.755e-01 2.710e-03 7.399e-04 6.720e-03 -1.000 1.527e-02 -3.483 -3.447 -3.316 -3.257 -3.251 -3.241 -3.213 -3.209 -3.197
0.0152 0.01508 5.00000 8.3367185593 2.6237145441    8.335  3.339  4.0094  3.010    0  0.000  0.538     0.00     0.00     0.00     0.00     0.00 -1    -1e-30      0.00 7.092e-01 2.755e-01 2.710e-03 7.399e-04 6.720e-03 -1.000 1.527e-02 -3.577 -3.535 -3.354 -3.285 -3.275 -3.258 -3.212 -3.203 -3.187
0.0152 0.01508 5.00000 8.4093465805 2.6238291782    8.407  3.376  4.0238  3.034    0  0.000  0.538     0.00     0.00     0.00     0.00     0.00 -1    -1e-30      0.00 7.092e-01 2.755e-01 2.710e-03 7.399e-04 6.720e-03 -1.000 1.527e-02 -3.669 -3.616 -3.387 -3.310 -3.296 -3.272 -3.210 -3.196 -3.176
0.0152 0.01508 5.00000 8.4802913666 2.6239389782    8.478  3.412  4.0381  3.059    0  0.000  0.538     0.00     0.00     0.00     0.00     0.00 -1    -1e-30      0.00 7.092e-01 2.755e-01 2.710e-03 7.399e-04 6.720e-03 -1.000 1.527e-02 -3.760 -3.691 -3.415 -3.330 -3.313 -3.283 -3.205 -3.186 -3.163
0.0152 0.01508 5.00000 8.5497283936 2.6240444179    8.547  3.447  4.0525  3.085    0  0.000  0.538     0.00     0.00     0.00     0.00     0.00 -1    -1e-30      0.00 7.092e-01 2.755e-01 2.710e-03 7.399e-04 6.720e-03 -1.000 1.527e-02 -3.848 -3.761 -3.439 -3.347 -3.326 -3.291 -3.198 -3.175 -3.148
0.0152 0.01508 5.00000 8.6178350449 2.6241459415    8.614  3.481  4.0667  3.111    0  0.000  0.538     0.00     0.00     0.00     0.00     0.00 -1    -1e-30      0.00 7.092e-01 2.755e-01 2.710e-03 7.399e-04 6.720e-03 -1.000 1.527e-02 -3.934 -3.824 -3.458 -3.359 -3.335 -3.295 -3.188 -3.160 -3.131
0.0152 0.01508 5.00000 8.6848249435 2.6242440161    8.681  3.515  4.0810  3.138    0  0.000  0.538     0.00     0.00     0.00     0.00     0.00 -1    -1e-30      0.00 7.092e-01 2.755e-01 2.710e-03 7.399e-04 6.720e-03 -1.000 1.527e-02 -4.017 -3.880 -3.473 -3.367 -3.340 -3.295 -3.174 -3.143 -3.112
0.0152 0.01508 5.00000 8.7512063980 2.6243394986    8.747  3.547  4.0952  3.166    0  0.000  0.538     0.00     0.00     0.00     0.00     0.00 -1    -1e-30      0.00 7.092e-01 2.755e-01 2.710e-03 7.399e-04 6.720e-03 -1.000 1.527e-02 -4.097 -3.928 -3.483 -3.371 -3.340 -3.290 -3.157 -3.122 -3.088
0.0152 0.01508 5.00000 8.8165788651 2.6244319157    8.812  3.578  4.1093  3.194    0  0.000  0.538     0.00     0.00     0.00     0.00     0.00 -1    -1e-30      0.00 7.092e-01 2.755e-01 2.710e-03 7.399e-04 6.720e-03 -1.000 1.527e-02 -4.175 -3.971 -3.489 -3.371 -3.337 -3.281 -3.137 -3.098 -3.062
0.0152 0.01508 5.00000 8.8810939789 2.6245215884    8.876  3.608  4.1234  3.224    0  0.000  0.538     0.00     0.00     0.00     0.00     0.00 -1    -1e-30      0.00 7.092e-01 2.755e-01 2.710e-03 7.399e-04 6.720e-03 -1.000 1.527e-02 -4.250 -4.005 -3.492 -3.367 -3.329 -3.268 -3.113 -3.071 -3.032
0.0152 0.01508 5.00000 8.9449272156 2.6246088509    8.939  3.637  4.1373  3.254    0  0.000  0.538     0.00     0.00     0.00     0.00     0.00 -1    -1e-30      0.00 7.092e-01 2.755e-01 2.710e-03 7.399e-04 6.720e-03 -1.000 1.527e-02 -4.322 -4.035 -3.491 -3.359 -3.318 -3.253 -3.086 -3.041 -3.000
0.0152 0.01508 5.00000 9.0000000000 2.6246829947    8.995  3.661  4.1494  3.281    0  0.000  0.538     0.00     0.00     0.00     0.00     0.00 -1    -1e-30      0.00 7.092e-01 2.755e-01 2.710e-03 7.399e-04 6.720e-03 -1.000 1.527e-02 -4.382 -4.058 -3.488 -3.351 -3.306 -3.236 -3.061 -3.013 -2.970
0.0152 0.01508 5.00000 9.0414514542 2.6247381157    9.036  3.678  4.1582  3.301    0  0.000  0.538     0.00     0.00     0.00     0.00     0.00 -1    -1e-30      0.00 7.092e-01 2.755e-01 2.710e-03 7.399e-04 6.720e-03 -1.000 1.527e-02 -4.425 -4.072 -3.484 -3.343 -3.295 -3.223 -3.041 -2.991 -2.946
0.0152 0.01508 5.00000 9.1081085205 2.6248255457    9.103  3.705  4.1723  3.334    0  0.000  0.538     0.00     0.00     0.00     0.00     0.00 -1    -1e-30      0.00 7.092e-01 2.755e-01 2.710e-03 7.399e-04 6.720e-03 -1.000 1.527e-02 -4.492 -4.091 -3.475 -3.327 -3.276 -3.199 -3.007 -2.954 -2.907
0.0152 0.01508 5.00000 9.1747980118 2.6249115578    9.170  3.730  4.1863  3.367    0  0.000  0.538     0.00     0.00     0.00     0.00     0.00 -1    -1e-30      0.00 7.092e-01 2.755e-01 2.710e-03 7.399e-04 6.720e-03 -1.000 1.527e-02 -4.555 -4.105 -3.463 -3.309 -3.254 -3.172 -2.970 -2.914 -2.864
0.0152 0.01508 5.00000 9.2416696548 2.6249963729    9.237  3.754  4.2002  3.402    0  0.000  0.538     0.00     0.00     0.00     0.00     0.00 -1    -1e-30      0.00 7.092e-01 2.755e-01 2.710e-03 7.399e-04 6.720e-03 -1.000 1.527e-02 -4.616 -4.115 -3.448 -3.288 -3.229 -3.142 -2.931 -2.871 -2.820
0.0152 0.01508 5.00000 9.3088541031 2.6250801751    9.304  3.777  4.2141  3.438    0  0.000  0.538     0.00     0.00     0.00     0.00     0.00 -1    -1e-30      0.00 7.092e-01 2.755e-01 2.710e-03 7.399e-04 6.720e-03 -1.000 1.527e-02 -4.674 -4.122 -3.430 -3.264 -3.201 -3.110 -2.890 -2.827 -2.773
0.0152 0.01508 5.00000 9.3764972687 2.6251631558    9.372  3.800  4.2279  3.474    0  0.000  0.538     0.00     0.00     0.00     0.00     0.00 -1    -1e-30      0.00 7.092e-01 2.755e-01 2.710e-03 7.399e-04 6.720e-03 -1.000 1.527e-02 -4.729 -4.125 -3.410 -3.238 -3.171 -3.075 -2.846 -2.780 -2.724
0.0152 0.01508 5.00000 9.4619588852 2.6252660467    9.458  3.826  4.2451  3.520    0  0.000  0.538     0.00     0.00     0.00     0.00     0.00 -1    -1e-30      0.00 7.092e-01 2.755e-01 2.710e-03 7.399e-04 6.720e-03 -1.000 1.527e-02 -4.794 -4.125 -3.382 -3.202 -3.131 -3.029 -2.789 -2.720 -2.660
0.0152 0.01508 5.00000 9.5312776566 2.6253479458    9.527  3.846  4.2587  3.558    0  0.000  0.538     0.00     0.00     0.00     0.00     0.00 -1    -1e-30      0.00 7.092e-01 2.755e-01 2.710e-03 7.399e-04 6.720e-03 -1.000 1.527e-02 -4.844 -4.123 -3.357 -3.172 -3.097 -2.990 -2.742 -2.669 -2.607
0.0152 0.01508 5.00000 9.6195240021 2.6254502462    9.616  3.869  4.2756  3.607    0  0.000  0.538     0.00     0.00     0.00     0.00     0.00 -1    -1e-30      0.00 7.092e-01 2.755e-01 2.710e-03 7.399e-04 6.720e-03 -1.000 1.527e-02 -4.902 -4.117 -3.323 -3.131 -3.051 -2.939 -2.680 -2.604 -2.539
0.0152 0.01508 5.00000 9.6916379929 2.6255322562    9.688  3.886  4.2891  3.646    0  0.000  0.538     0.00     0.00     0.00     0.00     0.00 -1    -1e-30      0.00 7.092e-01 2.755e-01 2.710e-03 7.399e-04 6.720e-03 -1.000 1.527e-02 -4.946 -4.109 -3.294 -3.097 -3.014 -2.897 -2.630 -2.551 -2.483
0.0152 0.01508 5.00000 9.7653522491 2.6256146480    9.762  3.903  4.3024  3.686    0  0.000  0.538     0.00     0.00     0.00     0.00     0.00 -1    -1e-30      0.00 7.092e-01 2.755e-01 2.710e-03 7.399e-04 6.720e-03 -1.000 1.527e-02 -4.987 -4.099 -3.263 -3.061 -2.974 -2.853 -2.578 -2.496 -2.426
0.0152 0.01508 5.00000 9.8410301208 2.6256977596    9.838  3.918  4.3157  3.727    0  0.000  0.538     0.00     0.00     0.00     0.00     0.00 -1    -1e-30      0.00 7.092e-01 2.755e-01 2.710e-03 7.399e-04 6.720e-03 -1.000 1.527e-02 -5.026 -4.087 -3.230 -3.024 -2.934 -2.809 -2.525 -2.440 -2.368
0.0152 0.01508 5.00000 9.9191474915 2.6257820224    9.917  3.933  4.3288  3.769    0  0.000  0.538     0.00     0.00     0.00     0.00     0.00 -1    -1e-30      0.00 7.092e-01 2.755e-01 2.710e-03 7.399e-04 6.720e-03 -1.000 1.527e-02 -5.063 -4.073 -3.196 -2.985 -2.892 -2.763 -2.472 -2.383 -2.309
0.0152 0.01508 5.00000 10.0000000000 2.6258676431    9.998  3.947  4.3418  3.811    0  0.000  0.538     0.00     0.00     0.00     0.00     0.00 -1    -1e-30      0.00 7.092e-01 2.755e-01 2.710e-03 7.399e-04 6.720e-03 -1.000 1.527e-02 -5.097 -4.057 -3.160 -2.945 -2.849 -2.716 -2.417 -2.325 -2.248
0.0152 0.01508 5.00000 10.0645618439 2.6259348776   10.063  3.956  4.3515  3.842    0  0.000  0.538     0.00     0.00     0.00     0.00     0.00 -1    -1e-30      0.00 7.092e-01 2.755e-01 2.710e-03 7.399e-04 6.720e-03 -1.000 1.527e-02 -5.121 -4.043 -3.133 -2.914 -2.816 -2.680 -2.376 -2.282 -2.203
0.0152 0.01508 5.00000 10.0879850388 2.6259590259   10.086  3.960  4.3550  3.854    0  0.000  0.538     0.00     0.00     0.00     0.00     0.00 -1    -1e-30      0.00 7.092e-01 2.755e-01 2.710e-03 7.399e-04 6.720e-03 -1.000 1.527e-02 -5.129 -4.038 -3.123 -2.903 -2.804 -2.667 -2.361 -2.266 -2.187
0.0152 0.01508 5.00000 10.1572113037 2.6260296472   10.156  3.967  4.3640  3.886    0  0.000  0.538     0.00     0.00     0.00     0.00     0.00 -1    -1e-30      0.00 7.092e-01 2.755e-01 2.710e-03 7.399e-04 6.720e-03 -1.000 1.527e-02 -5.148 -4.021 -3.092 -2.870 -2.769 -2.630 -2.318 -2.221 -2.140
0.0152 0.01508 5.00000 10.2654790878 2.6261379036   10.265  3.973  4.3760  3.932    0  0.000  0.538     0.00     0.00     0.00     0.00     0.00 -1    -1e-30      0.00 7.092e-01 2.755e-01 2.710e-03 7.399e-04 6.720e-03 -1.000 1.527e-02 -5.163 -3.987 -3.043 -2.817 -2.713 -2.571 -2.252 -2.153 -2.070
0.0152 0.01508 5.00000 10.4342908859 2.6263015541   10.434  3.966  4.3873  3.992    0  0.000  0.538     0.00     0.00     0.00     0.00     0.00 -1    -1e-30      0.00 7.092e-01 2.755e-01 2.710e-03 7.399e-04 6.720e-03 -1.000 1.527e-02 -5.144 -3.920 -2.962 -2.732 -2.626 -2.481 -2.156 -2.055 -1.969
0.0152 0.01508 5.00000 10.5926675797 2.6264496474   10.593  3.949  4.3931  4.038    0  0.000  0.538     0.00     0.00     0.00     0.00     0.00 -1    -1e-30      0.00 7.092e-01 2.755e-01 2.710e-03 7.399e-04 6.720e-03 -1.000 1.527e-02 -5.103 -3.854 -2.889 -2.657 -2.550 -2.403 -2.076 -1.973 -1.887
0.0152 0.01508 5.00000 10.7333545685 2.6265769930   10.734  3.934  4.3954  4.068    0  0.000  0.538     0.00     0.00     0.00     0.00     0.00 -1    -1e-30      0.00 7.092e-01 2.755e-01 2.710e-03 7.399e-04 6.720e-03 -1.000 1.527e-02 -5.065 -3.805 -2.838 -2.606 -2.498 -2.351 -2.022 -1.919 -1.832
0.0152 0.01508 5.00000 10.9502763748 2.6267659893   10.952  3.923  4.3987  4.102    0  0.000  0.538     0.00     0.00     0.00     0.00     0.00 -1    -1e-30      0.00 7.092e-01 2.755e-01 2.710e-03 7.399e-04 6.720e-03 -1.000 1.527e-02 -5.037 -3.761 -2.791 -2.558 -2.449 -2.301 -1.971 -1.867 -1.779
0.0152 0.01508 5.00000 11.0000000000 2.6268081058   11.001  3.922  4.3996  4.108    0  0.000  0.538     0.00     0.00     0.00     0.00     0.00 -1    -1e-30      0.00 7.092e-01 2.755e-01 2.710e-03 7.399e-04 6.720e-03 -1.000 1.527e-02 -5.034 -3.755 -2.783 -2.550 -2.441 -2.293 -1.962 -1.858 -1.770
0.0152 0.01508 5.00000 11.1049003601 2.6268955366   11.106  3.920  4.4013  4.121    0  0.000  0.538     0.00     0.00     0.00     0.00     0.00 -1    -1e-30      0.00 7.092e-01 2.755e-01 2.710e-03 7.399e-04 6.720e-03 -1.000 1.527e-02 -5.029 -3.759 -2.756 -2.502 -2.398 -2.270 -1.931 -1.845 -1.768
0.0152 0.01508 5.00000 11.3992671967 2.6271310290   11.401  3.960  4.4147  4.146    0  0.000  0.538     0.00     0.00     0.00     0.00     0.00 -1    -1e-30      0.00 7.092e-01 2.755e-01 2.710e-03 7.399e-04 6.720e-03 -1.000 1.527e-02 -5.129 -3.794 -2.785 -2.520 -2.407 -2.270 -1.931 -1.851 -1.771
0.0152 0.01508 5.00000 11.6953668594 2.6273542070   11.696  4.012  4.4325  4.177    0  0.000  0.538     0.00     0.00     0.00     0.00     0.00 -1    -1e-30      0.00 7.092e-01 2.755e-01 2.710e-03 7.399e-04 6.720e-03 -1.000 1.527e-02 -5.259 -3.852 -2.824 -2.556 -2.441 -2.298 -1.951 -1.866 -1.780
0.0152 0.01508 5.00000 11.8869256973 2.6274917978   11.888  4.048  4.4458  4.201    0  0.000  0.538     0.00     0.00     0.00     0.00     0.00 -1    -1e-30      0.00 7.092e-01 2.755e-01 2.710e-03 7.399e-04 6.720e-03 -1.000 1.527e-02 -5.349 -3.912 -2.861 -2.599 -2.490 -2.349 -1.985 -1.886 -1.792
0.0152 0.01508 5.00000 12.0000000000 2.6275706487   12.001  4.061  4.4514  4.214    0  0.000  0.538     0.00     0.00     0.00     0.00     0.00 -1    -1e-30      0.00 7.092e-01 2.755e-01 2.710e-03 7.399e-04 6.720e-03 -1.000 1.527e-02 -5.383 -3.928 -2.871 -2.609 -2.500 -2.358 -1.988 -1.885 -1.789
0.0152 0.01508 5.00000 12.3905363083 2.6278303009   12.389  4.092  4.4622  4.239    0  0.000  0.539     0.00     0.00     0.00     0.00     0.00 -1 -2.96e-26      0.00 7.092e-01 2.755e-01 2.717e-03 7.401e-04 6.720e-03 -1.000 1.527e-02 -5.461 -3.943 -2.881 -2.610 -2.493 -2.342 -1.963 -1.861 -1.776
0.0152 0.01508 5.00000 13.3009119034 2.6283680700   13.295  4.148  4.4783  4.279    0  0.000  0.542     0.00     0.00     0.00     0.00     0.00 -1 -2.31e-16      0.00 7.092e-01 2.755e-01 2.734e-03 7.405e-04 6.719e-03 -1.000 1.527e-02 -5.600 -3.991 -2.921 -2.638 -2.513 -2.353 -1.962 -1.857 -1.784
0.0152 0.01508 5.00000 13.8543510437 2.6286555666   13.845  4.188  4.4850  4.283    0  0.000  0.544     0.00     0.00     0.00     0.00     0.00 -1  -1.1e-10      0.00 7.092e-01 2.755e-01 2.743e-03 7.408e-04 6.719e-03 -1.000 1.527e-02 -5.700 -4.065 -2.989 -2.703 -2.578 -2.419 -2.031 -1.926 -1.846
0.0152 0.01508 5.00000 14.0000000000 2.6287268957   13.992  4.202  4.4871  4.283    0  0.000  0.545     0.00     0.00     0.00     0.00     0.00 -1 -3.16e-09      0.00 7.092e-01 2.755e-01 2.746e-03 7.408e-04 6.719e-03 -1.000 1.527e-02 -5.734 -4.091 -3.014 -2.726 -2.602 -2.443 -2.056 -1.951 -1.868
0.0152 0.01508 5.00000 16.0000000000 2.6295573144   16.001  4.369  4.5123  4.274    0  0.000  0.545     0.00     0.00     0.00     0.00     0.00 -1 -7.39e-09      0.00 7.092e-01 2.755e-01 2.746e-03 7.408e-04 6.719e-03 -1.000 1.527e-02 -6.153 -4.420 -3.318 -3.027 -2.902 -2.741 -2.356 -2.241 -2.133
0.0152 0.01508 5.00000 18.0000000000 2.6301792302   17.988  4.513  4.5336  4.267    0  0.000  0.545     0.00     0.00     0.00     0.00     0.00 -1 -1.48e-08      0.00 7.092e-01 2.755e-01 2.746e-03 7.408e-04 6.719e-03 -1.000 1.527e-02 -6.511 -4.663 -3.542 -3.249 -3.129 -2.970 -2.582 -2.457 -2.340
0.0152 0.01508 5.00000 20.0000000000 2.6306603470   19.993  4.636  4.5515  4.260    0  0.000  0.545     0.00     0.00     0.00     0.00     0.00 -1 -2.63e-08      0.00 7.092e-01 2.755e-01 2.746e-03 7.408e-04 6.719e-03 -1.000 1.527e-02 -6.821 -4.839 -3.703 -3.402 -3.291 -3.140 -2.757 -2.631 -2.515
0.0152 0.01508 5.00000 24.0000000000 2.6313519822   23.995  4.845  4.5806  4.248    0  0.000  0.545     0.00     0.00     0.00     0.00     0.00 -1 -6.84e-08      0.00 7.092e-01 2.755e-01 2.746e-03 7.408e-04 6.719e-03 -1.000 1.527e-02 -7.341 -5.255 -4.107 -3.817 -3.696 -3.527 -3.116 -2.987 -2.888
0.0152 0.01508 5.00000 28.0000000000 2.6318215644   27.971  5.008  4.6024  4.238    0  0.000  0.545     0.00     0.00     0.00     0.00     0.00 -1 -1.33e-07      0.00 7.092e-01 2.755e-01 2.746e-03 7.408e-04 6.719e-03 -1.000 1.527e-02 -7.750 -5.556 -4.401 -4.089 -3.954 -3.776 -3.374 -3.253 -3.154
0.0152 0.01508 5.00000 30.0000000000 2.6320031152   29.966  5.079  4.6116  4.234    0  0.000  0.545     0.00     0.00     0.00     0.00     0.00 -1 -1.77e-07      0.00 7.092e-01 2.755e-01 2.746e-03 7.408e-04 6.719e-03 -1.000 1.527e-02 -7.928 -5.672 -4.514 -4.206 -4.073 -3.897 -3.494 -3.374 -3.274
0.0152 0.01508 5.00000 32.4189949036 2.6321886523   32.375  5.158  4.6216  4.229    0  0.000  0.545     0.00     0.00     0.00     0.00     0.00 -1 -2.41e-07      0.00 7.092e-01 2.755e-01 2.746e-03 7.408e-04 6.719e-03 -1.000 1.527e-02 -8.125 -5.801 -4.641 -4.335 -4.203 -4.027 -3.625 -3.506 -3.407
0.0152 0.01508 5.00000 35.0000000000 2.6323544560   34.945  5.235  4.6315  4.224    0  0.000  0.545     0.00     0.00     0.00     0.00     0.00 -1 -3.27e-07      0.00 7.092e-01 2.755e-01 2.746e-03 7.408e-04 6.719e-03 -1.000 1.527e-02 -8.318 -5.932 -4.771 -4.462 -4.329 -4.152 -3.754 -3.639 -3.541
0.0152 0.01508 5.00000 40.0000000000 2.6326067896   39.939  5.362  4.6460  4.213    0  0.000  0.545     0.00     0.00     0.00     0.00     0.00 -1  -5.2e-07      0.00 7.092e-01 2.755e-01 2.746e-03 7.408e-04 6.719e-03 -1.000 1.527e-02 -8.635 -6.164 -5.001 -4.688 -4.552 -4.373 -3.984 -3.874 -3.776
0.0152 0.01508 5.00000 45.0000000000 2.6327957669   44.930  5.470  4.6575  4.203    0  0.000  0.545     0.00     0.00     0.00     0.00     0.00 -1 -7.62e-07      0.00 7.092e-01 2.755e-01 2.746e-03 7.408e-04 6.719e-03 -1.000 1.527e-02 -8.905 -6.376 -5.211 -4.899 -4.763 -4.584 -4.194 -4.083 -3.983
0.0152 0.01508 5.00000 50.0000000000 2.6329419605   49.889  5.564  4.6677  4.195    0  0.000  0.545     0.00     0.00     0.00     0.00     0.00 -1 -1.06e-06      0.00 7.092e-01 2.755e-01 2.746e-03 7.408e-04 6.719e-03 -1.000 1.527e-02 -9.139 -6.565 -5.393 -5.084 -4.955 -4.779 -4.378 -4.264 -4.180
0.0152 0.01508 5.00000 55.0000000000 2.6330580200   54.831  5.645  4.6749  4.183    0  0.000  0.545     0.00     0.00     0.00     0.00     0.00 -1 -1.39e-06      0.00 7.092e-01 2.755e-01 2.746e-03 7.408e-04 6.719e-03 -1.000 1.527e-02 -9.343 -6.730 -5.557 -5.248 -5.119 -4.944 -4.541 -4.425 -4.341
0.0152 0.01508 5.00000 60.0000000000 2.6331521230   59.786  5.718  4.6810  4.172    0  0.000  0.545     0.00     0.00     0.00     0.00     0.00 -1 -1.78e-06      0.00 7.092e-01 2.755e-01 2.746e-03 7.408e-04 6.719e-03 -1.000 1.527e-02 -9.525 -6.867 -5.695 -5.386 -5.257 -5.081 -4.679 -4.563 -4.476
0.0152 0.01508 5.00000 65.0000000000 2.6332297755   64.691  5.782  4.6864  4.164    0  0.000  0.545     0.00     0.00     0.00     0.00     0.00 -1  -2.2e-06      0.00 7.092e-01 2.755e-01 2.746e-03 7.408e-04 6.719e-03 -1.000 1.527e-02 -9.686 -6.988 -5.816 -5.508 -5.378 -5.202 -4.801 -4.685 -4.596
0.0152 0.01508 5.00000 70.0000000000 2.6332948117   69.685  5.844  4.6926  4.159    0  0.000  0.545     0.00     0.00     0.00     0.00     0.00 -1 -2.69e-06      0.00 7.092e-01 2.755e-01 2.746e-03 7.408e-04 6.719e-03 -1.000 1.527e-02 -9.840 -7.098 -5.925 -5.617 -5.487 -5.310 -4.911 -4.796 -4.705
0.0152 0.01508 5.00000 80.0000000000 2.6333972910   79.474  5.946  4.7000  4.144    0  0.000  0.545     0.00     0.00     0.00     0.00     0.00 -1  -3.7e-06      0.00 7.092e-01 2.755e-01 2.746e-03 7.408e-04 6.719e-03 -1.000 1.527e-02 -10.095 -7.300 -6.126 -5.818 -5.687 -5.510 -5.114 -4.999 -4.907
0.0152 0.01508 5.00000 90.0000000000 2.6334740396   89.509  6.036  4.7051  4.127    0  0.000  0.545     0.00     0.00     0.00     0.00     0.00 -1 -4.94e-06      0.00 7.092e-01 2.755e-01 2.746e-03 7.408e-04 6.719e-03 -1.000 1.527e-02 -10.320 -7.488 -6.315 -6.006 -5.876 -5.699 -5.305 -5.193 -5.102
0.0152 0.01508 5.00000 95.0000000000 2.6335055226   94.439  6.076  4.7069  4.117    0  0.000  0.545     0.00     0.00     0.00     0.00     0.00 -1 -5.53e-06      0.00 7.092e-01 2.755e-01 2.746e-03 7.408e-04 6.719e-03 -1.000 1.527e-02 -10.419 -7.575 -6.402 -6.094 -5.964 -5.787 -5.394 -5.282 -5.192
0.0152 0.01508 5.00000 100.0000000000 2.6335334127   99.355  6.113  4.7083  4.108    0  0.000  0.545     0.00     0.00     0.00     0.00     0.00 -1 -6.26e-06      0.00 7.092e-01 2.755e-01 2.746e-03 7.408e-04 6.719e-03 -1.000 1.527e-02 -10.511 -7.659 -6.486 -6.178 -6.048 -5.872 -5.479 -5.367 -5.278
0.0152 0.01508 5.00000 120.0000000000 2.6336187652  118.992  6.241  4.7115  4.071    0  0.000  0.545     0.00     0.00     0.00     0.00     0.00 -1 -9.31e-06      0.00 7.092e-01 2.755e-01 2.746e-03 7.408e-04 6.719e-03 -1.000 1.527e-02 -10.833 -7.961 -6.789 -6.483 -6.354 -6.179 -5.787 -5.675 -5.584
0.0152 0.01508 5.00000 181.6581115723 2.6336187652  175.312  6.512  4.7132  3.975    0  0.000  0.414     0.00     0.00     0.00     0.00     0.00 -1 -2.16e-05      0.00 6.959e-01 2.889e-01 1.912e-03 3.162e-03 5.075e-03 -1.000 1.521e-02 -11.509 -8.630 -7.460 -7.161 -7.043 -6.871 -6.497 -6.406 -6.350
0.0152 0.01508 5.00000 184.8479766846 2.6336187652  179.434  6.523  4.7123  3.970    0  0.000  0.389     0.00     0.00     0.00     0.00     0.00 -1 -2.24e-05      0.00 7.020e-01 2.827e-01 1.832e-03 2.983e-03 5.386e-03 -1.000 1.527e-02 -11.538 -8.664 -7.494 -7.195 -7.077 -6.906 -6.531 -6.439 -6.382
0.0152 0.01508 5.00000 191.2019805908 2.6336187652  187.051  6.545  4.7102  3.958    0  0.000  0.463     0.00     0.00     0.00     0.00     0.00 -1 -2.38e-05      0.00 7.091e-01 2.755e-01 2.286e-03 1.240e-03 6.718e-03 -1.000 1.534e-02 -11.592 -8.732 -7.562 -7.263 -7.144 -6.973 -6.597 -6.503 -6.444
0.0152 0.01508 5.00000 195.4067687988 2.6336187652  191.795  6.558  4.7121  3.963    0  0.000  0.545     0.00     0.00     0.00     0.00     0.00 -1 -2.46e-05      0.00 7.092e-01 2.755e-01 2.746e-03 7.408e-04 6.719e-03 -1.000 1.527e-02 -11.626 -8.754 -7.583 -7.284 -7.166 -6.995 -6.620 -6.528 -6.470
0.0152 0.01508 5.00000 200.0000000000 2.6336187652  196.801  6.573  4.7111  3.955    0  0.000  0.545     0.00     0.00     0.00     0.00     0.00 -1 -2.58e-05      0.00 7.092e-01 2.755e-01 2.746e-03 7.408e-04 6.719e-03 -1.000 1.527e-02 -11.663 -8.798 -7.628 -7.329 -7.210 -7.039 -6.663 -6.570 -6.512
0.0152 0.01508 5.00000 243.3326416016 2.6336187652  238.426  6.691  4.7177  3.947    0  0.000  0.500     0.00     0.00     0.00     0.00     0.00 -1 -3.54e-05      0.00 7.084e-01 2.763e-01 2.489e-03 1.222e-03 6.515e-03 -1.000 1.529e-02 -11.957 -9.047 -7.877 -7.577 -7.460 -7.289 -6.918 -6.830 -6.780
0.0152 0.01508 5.00000 250.0000000000 2.6336187652  244.838  6.707  4.7180  3.944    0  0.000  0.479     0.00     0.00     0.00     0.00     0.00 -1 -3.71e-05      0.00 7.081e-01 2.766e-01 2.373e-03 1.437e-03 6.424e-03 -1.000 1.530e-02 -11.997 -9.085 -7.915 -7.616 -7.499 -7.327 -6.956 -6.868 -6.819
0.0152 0.01508 5.00000 300.0000000000 2.6336187652  293.547  6.814  4.7203  3.925    0  0.000  0.500     0.00     0.00     0.00     0.00     0.00 -1 -4.97e-05      0.00 7.084e-01 2.763e-01 2.534e-03 1.170e-03 6.513e-03 -1.000 1.528e-02 -12.264 -9.337 -8.166 -7.867 -7.750 -7.579 -7.209 -7.123 -7.077
0.0152 0.01508 5.00000 350.0000000000 2.6336187652  341.914  6.901  4.7220  3.911    0  0.000  0.178     0.00     0.00     0.00     0.00     0.00 -1  -6.3e-05      0.00 7.067e-01 2.778e-01 8.852e-04 3.540e-03 6.026e-03 -1.000 1.546e-02 -12.483 -9.544 -8.373 -8.074 -7.958 -7.786 -7.418 -7.333 -7.290
0.0152 0.01508 5.00000 350.0010070801 2.6336187652  340.605  6.900  4.7088  3.858    0  0.000  0.057     0.00     0.00     0.00     0.00     0.00 -1 -3.48e-05      0.00 7.056e-01 2.789e-01 2.474e-04 4.554e-03 5.726e-03 -1.000 1.551e-02 -12.479 -9.629 -8.459 -8.161 -8.041 -7.870 -7.493 -7.398 -7.337
0.0152 0.01508 5.00000 350.0052185059 2.6336187652  330.930  6.894  4.6604  3.657    0  0.000  0.085     0.00     0.00     0.00     0.00     0.00 -1 -3.03e-06      0.00 6.822e-01 3.027e-01 2.417e-04 7.406e-03 2.471e-03 -1.000 1.515e-02 -12.465 -9.951 -8.798 -8.512 -8.400 -8.237 -7.884 -7.806 -7.757
0.0152 0.01508 5.00000 350.0079956055 2.6336187652  318.133  6.890  4.6313  3.528    0  0.000  0.265     0.00     0.00     0.00     0.00     0.00 -1 -6.16e-07      0.00 6.415e-01 3.435e-01 3.127e-04 8.450e-03 1.185e-03 -1.000 1.503e-02 -12.456 -10.097 -8.937 -8.638 -8.525 -8.354 -7.999 -7.913 -7.871
0.0152 0.01508 5.00000 350.0093383789 2.6336187652  308.508  6.889  4.6186  3.465    0  0.000  0.506     0.00     0.00     0.00     0.00     0.00 -1 -2.83e-07      0.00 6.069e-01 3.782e-01 3.528e-04 8.664e-03 8.881e-04 -1.000 1.496e-02 -12.452 -10.181 -9.024 -8.728 -8.616 -8.447 -8.093 -8.009 -7.968
0.0152 0.01508 5.00000 350.0104370117 2.6336187652  298.371  6.887  4.6101  3.418    0  0.000  0.828     0.00     0.00     0.00     0.00     0.00 -1 -1.53e-07      0.00 5.679e-01 4.172e-01 3.830e-04 8.661e-03 8.524e-04 -1.000 1.496e-02 -12.448 -10.236 -9.080 -8.786 -8.675 -8.507 -8.155 -8.071 -8.031
0.0152 0.01508 5.00000 350.0112609863 2.6336187652  288.723  6.887  4.6048  3.383    0  0.000  1.022     0.00     0.00     0.00     0.00     0.00 -1 -9.71e-08      0.00 5.285e-01 4.566e-01 4.059e-04 8.618e-03 8.762e-04 -1.000 1.497e-02 -12.447 -10.271 -9.117 -8.824 -8.713 -8.545 -8.195 -8.112 -8.072
0.0152 0.01508 5.00000 350.0118713379 2.6336187652  280.281  6.886  4.6018  3.359    0  0.000  1.105     0.00     0.00     0.00     0.00     0.00 -1 -6.94e-08      0.00 4.947e-01 4.903e-01 4.228e-04 8.573e-03 9.070e-04 -1.000 1.494e-02 -12.445 -10.291 -9.137 -8.844 -8.733 -8.566 -8.216 -8.133 -8.094
0.0152 0.01508 5.00000 350.0122985840 2.6336187652  273.664  6.886  4.6003  3.343    0  0.000  1.140     0.00     0.00     0.00     0.00     0.00 -1 -5.53e-08      0.00 4.675e-01 5.176e-01 4.346e-04 8.537e-03 9.317e-04 -1.000 1.492e-02 -12.444 -10.300 -9.146 -8.853 -8.742 -8.576 -8.225 -8.142 -8.102
0.0152 0.01508 5.00000 350.0126953125 2.6336187652  266.824  6.885  4.5996  3.329    0  0.000  1.162     0.00     0.00     0.00     0.00     0.00 -1 -4.44e-08      0.00 4.391e-01 5.460e-01 4.457e-04 8.507e-03 9.559e-04 -1.000 1.496e-02 -12.444 -10.305 -9.150 -8.857 -8.746 -8.580 -8.229 -8.146 -8.105
0.0152 0.01508 5.00000 350.0130615234 2.6336187652  259.570  6.885  4.5997  3.318    0  0.000  1.183     0.00     0.00     0.00     0.00     0.00 -1 -3.63e-08      0.00 4.089e-01 5.761e-01 4.564e-04 8.475e-03 9.794e-04 -1.000 1.497e-02 -12.443 -10.304 -9.148 -8.855 -8.744 -8.578 -8.226 -8.142 -8.101
0.0152 0.01508 5.00000 350.0133972168 2.6336187652  252.293  6.885  4.6000  3.307    0  0.000  1.202     0.00     0.00     0.00     0.00     0.00 -1 -3.01e-08      0.00 3.795e-01 6.055e-01 4.662e-04 8.446e-03 1.001e-03 -1.000 1.497e-02 -12.442 -10.301 -9.144 -8.852 -8.740 -8.574 -8.221 -8.136 -8.093
0.0152 0.01508 5.00000 350.0134582520 2.6336187652  248.318  6.880  4.6032  3.317    0  0.000  1.210     0.00     0.00     0.00     0.00     0.00 -1 -5.71e-08      0.00 3.678e-01 6.173e-01 4.679e-04 8.442e-03 1.003e-03 -1.000 1.497e-02 -12.431 -10.269 -9.110 -8.817 -8.706 -8.540 -8.185 -8.099 -8.055
0.0152 0.01508 5.00000 350.0135803223 2.6336187652  238.619  6.864  4.6024  3.313    0  0.000  1.215     0.00     0.00     0.00     0.00     0.00 -1 -5.19e-08      0.00 3.574e-01 6.276e-01 4.711e-04 8.431e-03 1.011e-03 -1.000 1.501e-02 -12.391 -10.234 -9.075 -8.783 -8.671 -8.505 -8.150 -8.064 -8.020
0.0152 0.01508 5.00000 350.0136718750 2.6336187652  229.129  6.849  4.6028  3.313    0  0.000  1.221     0.00     0.00     0.00     0.00     0.00 -1 -6.28e-08      0.00 3.454e-01 6.396e-01 4.744e-04 8.425e-03 1.018e-03 -1.000 1.501e-02 -12.351 -10.192 -9.033 -8.740 -8.628 -8.462 -8.106 -8.020 -7.975
0.0152 0.01508 5.00000 350.0137939453 2.6336187652  219.652  6.832  4.6037  3.315    0  0.000  1.227     0.00     0.00     0.00     0.00     0.00 -1 -8.81e-08      0.00 3.321e-01 6.529e-01 4.777e-04 8.415e-03 1.026e-03 -1.000 1.498e-02 -12.310 -10.145 -8.985 -8.692 -8.579 -8.414 -8.057 -7.970 -7.924
0.0152 0.01508 5.00000 350.0139160156 2.6336187652  206.342  6.808  4.6114  3.342    0  0.000  1.246     0.00     0.00     0.00     0.00     0.00 -1 -9.88e-08      0.00 3.041e-01 6.809e-01 4.813e-04 8.406e-03 1.032e-03 -1.000 1.498e-02 -12.250 -10.032 -8.869 -8.574 -8.461 -8.294 -7.935 -7.846 -7.798
0.0152 0.01508 5.00000 350.0140075684 2.6336187652  190.492  6.770  4.6112  3.344    0  0.000  1.248     0.00     0.00     0.00     0.00     0.00 -1 -8.51e-08      0.00 2.919e-01 6.930e-01 4.842e-04 8.397e-03 1.039e-03 -1.000 1.501e-02 -12.156 -9.940 -8.776 -8.482 -8.368 -8.202 -7.842 -7.752 -7.704
0.0152 0.01508 5.00000 350.0141296387 2.6336187652  175.861  6.732  4.6099  3.343    0  0.000  1.248     0.00     0.00     0.00     0.00     0.00 -1 -7.27e-08      0.00 2.822e-01 7.028e-01 4.870e-04 8.388e-03 1.046e-03 -1.000 1.501e-02 -12.060 -9.853 -8.689 -8.395 -8.281 -8.115 -7.754 -7.665 -7.615
0.0152 0.01508 5.00000 350.0142517090 2.6336187652  161.994  6.693  4.6086  3.341    0  0.000  1.246     0.00     0.00     0.00     0.00     0.00 -1 -6.19e-08      0.00 2.722e-01 7.128e-01 4.899e-04 8.379e-03 1.054e-03 -1.000 1.501e-02 -11.962 -9.764 -8.599 -8.306 -8.192 -8.026 -7.665 -7.575 -7.525
0.0152 0.01508 5.00000 350.0143432617 2.6336187652  149.293  6.654  4.6076  3.341    0  0.000  1.246     0.00     0.00     0.00     0.00     0.00 -1 -5.28e-08      0.00 2.622e-01 7.227e-01 4.928e-04 8.370e-03 1.061e-03 -1.000 1.501e-02 -11.864 -9.674 -8.509 -8.216 -8.102 -7.936 -7.575 -7.484 -7.433
0.0152 0.01508 5.00000 350.0144653320 2.6336187652  137.594  6.614  4.6066  3.341    0  0.000  1.246     0.00     0.00     0.00     0.00     0.00 -1 -4.51e-08      0.00 2.521e-01 7.329e-01 4.957e-04 8.361e-03 1.068e-03 -1.000 1.501e-02 -11.766 -9.583 -8.418 -8.124 -8.010 -7.845 -7.483 -7.392 -7.341
0.0152 0.01508 5.00000 350.0145568848 2.6336187652  127.070  6.576  4.6057  3.341    0  0.000  1.246     0.00     0.00     0.00     0.00     0.00 -1 -3.85e-08      0.00 2.423e-01 7.427e-01 4.985e-04 8.351e-03 1.075e-03 -1.000 1.498e-02 -11.670 -9.494 -8.328 -8.035 -7.921 -7.756 -7.393 -7.302 -7.249
0.0152 0.01508 5.00000 350.0146789551 2.6336187652  117.322  6.537  4.6049  3.342    0  0.000  1.247     0.00     0.00     0.00     0.00     0.00 -1 -3.27e-08      0.00 2.324e-01 7.526e-01 5.013e-04 8.343e-03 1.082e-03 -1.000 1.501e-02 -11.574 -9.403 -8.236 -7.944 -7.829 -7.665 -7.301 -7.210 -7.157
0.0152 0.01508 5.00000 350.0147705078 2.6336187652  108.544  6.499  4.6042  3.343    0  0.000  1.249     0.00     0.00     0.00     0.00     0.00 -1 -2.82e-08      0.00 2.228e-01 7.623e-01 5.042e-04 8.334e-03 1.088e-03 -1.000 1.498e-02 -11.479 -9.314 -8.146 -7.854 -7.739 -7.575 -7.211 -7.119 -7.065
0.0152 0.01508 5.00000 350.0148620605 2.6336187652  100.254  6.460  4.6036  3.345    0  0.000  1.251     0.00     0.00     0.00     0.00     0.00 -1  -2.4e-08      0.00 2.128e-01 7.722e-01 5.071e-04 8.328e-03 1.095e-03 -1.000 1.502e-02 -11.381 -9.221 -8.053 -7.761 -7.646 -7.482 -7.117 -7.024 -6.970
0.0152 0.01508 5.00000 350.0149841309 2.6336187652   92.754  6.422  4.6031  3.347    0  0.000  1.256     0.00     0.00     0.00     0.00     0.00 -1 -2.07e-08      0.00 2.030e-01 7.820e-01 5.101e-04 8.320e-03 1.102e-03 -1.000 1.505e-02 -11.286 -9.130 -7.961 -7.669 -7.554 -7.390 -7.024 -6.931 -6.875
0.0152 0.01508 5.00000 350.0150756836 2.6336187652   85.521  6.383  4.6025  3.349    0  0.000  1.262     0.00     0.00     0.00     0.00     0.00 -1 -1.76e-08      0.00 1.926e-01 7.923e-01 5.132e-04 8.310e-03 1.108e-03 -1.000 1.506e-02 -11.187 -9.035 -7.866 -7.574 -7.459 -7.295 -6.929 -6.836 -6.780
0.0152 0.01508 5.00000 350.0151977539 2.6336187652   78.890  6.344  4.6027  3.354    0  0.000  1.272     0.00     0.00     0.00     0.00     0.00 -1 -1.49e-08      0.00 1.823e-01 8.027e-01 5.165e-04 8.301e-03 1.115e-03 -1.000 1.502e-02 -11.090 -8.937 -7.767 -7.475 -7.360 -7.197 -6.830 -6.737 -6.681
0.0152 0.01508 5.00000 350.0152893066 2.6336187652   72.916  6.306  4.6035  3.361    0  0.000  1.285     0.00     0.00     0.00     0.00     0.00 -1 -1.29e-08      0.00 1.719e-01 8.130e-01 5.199e-04 8.292e-03 1.121e-03 -1.000 1.502e-02 -10.996 -8.837 -7.667 -7.375 -7.260 -7.096 -6.730 -6.637 -6.580
0.0152 0.01508 5.00000 350.0153808594 2.6336187652   67.875  6.272  4.6049  3.370    0  0.000  1.300     0.00     0.00     0.00     0.00     0.00 -1 -1.12e-08      0.00 1.624e-01 8.226e-01 5.232e-04 8.284e-03 1.127e-03 -1.000 1.500e-02 -10.910 -8.741 -7.571 -7.279 -7.164 -7.000 -6.633 -6.540 -6.484
0.0152 0.01508 5.00000 350.0154724121 2.6336187652   63.199  6.238  4.6074  3.382    0  0.000  1.323     0.00     0.00     0.00     0.00     0.00 -1 -9.68e-09      0.00 1.528e-01 8.322e-01 5.268e-04 8.276e-03 1.132e-03 -1.000 1.499e-02 -10.824 -8.638 -7.468 -7.176 -7.060 -6.896 -6.529 -6.435 -6.379
0.0152 0.01508 5.00000 350.0155639648 2.6336187652   59.376  6.208  4.6109  3.399    0  0.000  1.349     0.00     0.00     0.00     0.00     0.00 -1 -8.56e-09      0.00 1.444e-01 8.406e-01 5.302e-04 8.268e-03 1.137e-03 -1.000 1.502e-02 -10.750 -8.539 -7.369 -7.075 -6.959 -6.794 -6.427 -6.333 -6.277
0.0152 0.01508 5.00000 350.0156250000 2.6336187652   56.297  6.183  4.6164  3.423    0  0.000  1.379     0.00     0.00     0.00     0.00     0.00 -1 -7.77e-09      0.00 1.372e-01 8.478e-01 5.335e-04 8.258e-03 1.141e-03 -1.000 1.501e-02 -10.687 -8.438 -7.267 -6.972 -6.857 -6.691 -6.323 -6.228 -6.172
0.0152 0.01508 5.00000 350.0156555176 2.6336187652   54.351  6.167  4.6225  3.449    0  0.000  1.400     0.00     0.00     0.00     0.00     0.00 -1 -7.24e-09      0.00 1.336e-01 8.514e-01 5.357e-04 8.253e-03 1.143e-03 -1.000 1.503e-02 -10.647 -8.355 -7.183 -6.887 -6.771 -6.604 -6.235 -6.140 -6.084
0.0152 0.01508 5.00000 350.0156860352 2.6336187652   53.140  6.157  4.6304  3.480    0  0.000  1.412     0.00     0.00     0.00     0.00     0.00 -1 -6.88e-09      0.00 1.318e-01 8.531e-01 5.370e-04 8.251e-03 1.145e-03 -1.000 1.504e-02 -10.623 -8.276 -7.102 -6.804 -6.688 -6.520 -6.150 -6.054 -5.998
0.0152 0.01508 5.00000 350.0157165527 2.6336187652   51.552  6.176  4.7373  3.875    0  0.000  1.353     0.00     0.00     0.00     0.00     0.00 -1 -7.23e-09      0.00 1.274e-01 8.576e-01 5.316e-04 8.258e-03 1.146e-03 -1.000 1.502e-02 -10.671 -7.577 -6.387 -6.074 -5.953 -5.775 -5.391 -5.288 -5.226
0.0152 0.01508 5.00000 350.0157470703 2.6336187652   50.315  6.184  4.8807  4.430    0  0.000  1.303     0.00     0.00     0.00     0.00     0.00 -1 -7.33e-09      0.00 1.233e-01 8.617e-01 5.277e-04 8.265e-03 1.148e-03 -1.000 1.504e-02 -10.691 -6.550 -5.337 -5.004 -4.869 -4.686 -4.299 -4.196 -4.143
0.0152 0.01508 5.00000 350.0158081055 2.6336187652   47.611  6.149  4.9011  4.523    0  0.000  1.618     0.00     0.00     0.00     0.00     0.00 -1 -6.49e-09      0.00 1.132e-01 8.718e-01 5.507e-04 8.232e-03 1.147e-03 -1.000 1.504e-02 -10.603 -6.317 -5.102 -4.767 -4.630 -4.447 -4.063 -3.963 -3.916
0.0152 0.01508 5.00000 350.0158691406 2.6336187652   44.856  6.119  4.9021  4.531    0  0.000 47.350     0.00     0.00     0.00     0.00     0.00 -1 -5.53e-09      0.00 1.126e-01 8.465e-01 2.410e-02 4.552e-03 1.502e-03 10.230 4.092e-02 -10.527 -6.233 -5.019 -4.683 -4.547 -4.364 -3.980 -3.881 -3.835
0.0152 0.01508 5.00000 350.0159912109 2.6336187652   41.724  6.086  4.8988  4.520    0  0.000 31.262     0.00     0.00     0.00     0.00     0.00 -1 -3.64e-09      0.00 1.133e-01 7.225e-01 1.393e-01 1.184e-04 6.929e-03 10.994 1.642e-01 -10.445 -6.280 -5.066 -4.823 -4.746 -4.468 -4.064 -3.991 -3.926
0.0152 0.01508 5.00000 350.0161132812 2.6336187652   38.674  6.058  4.8969  4.508    0  0.000 14.851     0.00     0.00     0.00     0.00     0.00 -1 -2.37e-09      0.00 1.143e-01 6.117e-01 2.353e-01 1.195e-04 2.069e-02 11.205 2.739e-01 -10.374 -6.224 -5.010 -4.772 -4.697 -4.413 -4.009 -3.938 -3.873
0.0152 0.01508 5.00000 350.0162658691 2.6336187652   36.629  6.042  4.8997  4.511    0  0.000  8.960     0.00     0.00     0.00     0.00     0.00 -1 -1.61e-09      0.00 1.153e-01 5.202e-01 3.054e-01 1.204e-04 4.096e-02 11.298 3.645e-01 -10.335 -6.163 -4.949 -4.703 -4.625 -4.350 -3.946 -3.873 -3.808
0.0152 0.01508 5.00000 350.0163879395 2.6336187652   35.341  6.037  4.9097  4.540    0  0.000  5.521     0.00     0.00     0.00     0.00     0.00 -1 -1.01e-09      0.00 1.162e-01 4.109e-01 3.743e-01 1.213e-04 8.050e-02 11.353 4.730e-01 -10.322 -6.083 -4.867 -4.614 -4.531 -4.263 -3.859 -3.784 -3.717
0.0152 0.01508 5.00000 350.0164184570 2.6336187652   34.991  6.038  4.9195  4.574    0  0.000  5.065     0.00     0.00     0.00     0.00     0.00 -1 -9.82e-10      0.00 1.165e-01 3.937e-01 3.832e-01 1.217e-04 8.850e-02 11.355 4.898e-01 -10.326 -6.023 -4.805 -4.545 -4.457 -4.195 -3.791 -3.713 -3.645
0.0152 0.01508 5.00000 350.0164489746 2.6336187652   34.682  6.077  4.9949  4.833    3  0.000  4.748     0.00     0.03     0.03     0.02     0.02  2 -1.28e-09      0.00 1.167e-01 3.808e-01 3.888e-01 1.219e-04 9.554e-02 11.355 5.025e-01 -10.423 -5.601 -4.372 -4.071 -3.955 -3.737 -3.341 -3.259 -3.195
0.0152 0.01508 5.00000 350.0164794922 2.6336187652   34.606  6.130  5.0589  5.035    3  0.000  4.691     0.00     0.02     0.02     0.01     0.01  2  -2.1e-09      0.00 1.168e-01 3.785e-01 3.896e-01 1.220e-04 9.697e-02 11.354 5.048e-01 -10.555 -5.328 -4.085 -3.766 -3.639 -3.437 -3.044 -2.971 -2.918
#isochrone terminated
